8393
4839
9688
9626
7726
4189
10449
7632
113
1158
1954
6694
5631
8842
4927
7015
2034
402
3798
9712
1768
6978
2563
1264
3899
11805
7245
8969
4818
10675
4785
3528
2635
3113
590
9574
9505
3689
11305
4082
1544
9011
6070
5102
11826
2751
10144
752
2647
922
5096
1216
6807
4468
5342
1229
649
7754
678
7480
8423
5145
6374
6186
9157
6107
3402
4389
11125
4009
4591
723
1475
4906
5083
4435
11722
1939
1967
9267
7783
2455
6780
2055
1984
313
2848
8701
1748
8548
11223
2674
9565
11806
10980
2709
882
1478
3553
2489
11369
2852
2360
2379
3116
8119
3634
11021
3479
6678
5390
4892
10509
4695
4411
1237
1025
2157
3233
7707
3406
3999
3234
1235
10392
5767
4745
9183
7444
10069
550
2820
11157
11459
3336
8516
10299
6458
272
1276
6483
1304
7596
9307
6538
2638
8001
10617
10159
11110
11970
9053
8815
9386
9795
4231
2534
5069
4697
3824
3068
9551
7564
8725
7654
5452
4467
3868
8520
4850
7639
4574
970
7238
4664
2675
5807
586
991
4905
2892
7397
9160
6960
5810
8985
8517
7888
197
11928
4872
9721
7225
4813
8424
9620
2974
7863
677
10026
9625
9733
1867
6566
3724
10856
11596
4268
1837
380
10309
2098
8330
4573
3352
1813
5376
7691
6804
1667
11742
5422
187
201
6864
1680
8558
2096
8649
7070
11425
6797
7359
846
8559
10108
10490
9680
950
10995
9818
308
2697
1975
2876
6309
8606
581
10153
2831
1961
8228
633
10842
11366
6054
792
7019
8653
8530
7938
1034
7205
3959
3213
10376
8508
9425
8945
6913
7251
8481
8024
11029
7748
11242
7461
10561
8343
9912
4692
8541
979
5379
4416
10220
10046
9074
239
87
11469
7980
1920
11582
4526
11694
10613
9349
5288
4327
7182
8341
1252
8833
10646
10520
2609
300
11643
8203
5210
4506
6619
1575
2970
11679
8169
9131
5170
1247
1147
3897
9674
1050
11540
5341
10129
2722
4600
10326
11904
5266
9580
9138
8676
1078
2706
3522
8381
10469
5165
4764
277
11368
8884
10100
734
718
3192
1306
2517
7276
10454
1334
10827
2451
10497
3535
3918
1926
4627
1864
4792
263
5378
9621
770
9185
3519
6656
783
8762
1629
11838
10377
4118
6047
3526
7902
5620
6631
421
5512
1106
9825
7713
2980
3033
10900
11535
8484
2628
3611
8093
8813
8879
10164
119
6071
9445
8002
6490
9779
11834
10000
2985
8964
7065
5041
2246
5997
1542
422
3345
11719
7856
3052
1974
8168
5928
10335
3045
5040
816
360
9018
4639
9575
11257
7090
8283
8775
9894
6524
7218
9417
2313
9993
3988
6445
5548
490
10400
7470
8251
9600
6560
11851
9369
6529
10590
2074
11631
5583
1710
8895
2790
1951
3802
5643
7347
8761
10906
1548
4523
11738
6730
9136
11376
3492
6072
6136
7119
8920
8214
6024
10570
7809
4748
2125
7153
11799
1060
7956
600
7772
4063
7089
5198
9873
6993
577
11000
6006
514
1699
8553
9303
7611
3655
11212
6582
4772
6328
1414
939
9154
2612
935
5784
11525
4832
4797
7637
9729
7527
8413
666
11899
538
7948
4636
11185
11419
433
5731
7453
7607
2771
10946
9343
379
5797
2742
7588
3120
5419
2028
2082
2392
3008
10382
10817
1258
8175
6421
9522
10763
3286
3911
10146
2476
5887
11967
769
11270
7368
537
5766
8974
4986
5573
4476
388
10884
2850
7758
3716
2558
5407
9028
10383
9098
6831
588
4018
1661
10937
5707
6003
6105
4767
8570
1659
8298
10033
705
4041
90
5526
7872
1152
11027
10119
4907
4131
1605
7910
3487
416
6414
8731
9086
1292
5068
3537
526
2075
5002
4313
7215
3480
2269
9395
4880
4991
7697
8962
11325
1915
9524
3778
7627
4461
685
1241
1718
927
4039
7060
7549
8657
9502
6045
10461
9643
1739
2590
2355
4216
8070
6449
8482
8048
6860
6916
8101
9428
1584
8417
3816
8713
3982
4328
5648
8582
10534
6495
9451
7996
1076
8691
3875
3227
3335
11593
3501
4381
9080
2485
10487
4828
8050
4034
10436
4094
9181
9552
6799
375
1227
646
317
867
6523
6388
9162
5588
11538
10676
3189
7487
2071
2151
10118
4434
4172
8111
302
8809
902
6466
10727
11829
2885
9029
6420
4333
4000
6403
3952
10981
2214
4425
942
10782
10096
312
7674
2847
8077
5954
11673
6435
11688
7778
9883
873
2042
10042
11892
8426
11044
7208
8749
10233
5674
7661
10835
6876
3349
11980
8137
2971
8378
761
4259
4950
3260
3538
11515
7959
8176
7375
2545
9462
8777
1145
2273
3444
5660
3747
9167
4660
4038
9025
5902
2995
50
5391
7374
11773
884
7471
5038
5858
8237
2254
10101
9061
11900
105
1960
3488
835
2737
6485
3618
11842
3450
10374
10131
7586
1797
8222
5908
4968
7197
7800
5856
5387
7651
5216
5307
3828
7796
5359
2734
9716
11594
10891
2149
7055
1336
11002
8394
3518
5072
11287
3590
102
9851
8200
1526
11082
10864
5774
11431
818
2433
7663
6220
7838
10095
11811
5892
8927
3341
8091
637
7280
9537
11061
10934
5004
5351
10593
11346
1507
4753
7982
6
9745
1116
11537
10838
9846
2819
7859
1361
6130
845
2380
484
10941
2404
5226
9890
8958
2879
6949
8845
3259
11336
2427
5987
4754
7303
4235
8840
8252
3030
10874
11427
9471
5423
4634
9593
1415
1133
9910
8645
2871
9077
8156
9189
3803
79
5804
8921
11573
9750
6162
7220
7676
4786
2906
6439
4909
8505
8319
103
349
8256
11472
2912
7593
5371
9863
1859
1329
5584
6171
3943
11347
6899
9966
1568
11952
146
4823
2005
4733
9838
10938
986
7309
11600
5912
1996
10899
10322
2817
1184
8714
4366
5138
9549
8238
1550
11048
8919
584
3122
5544
5338
2009
10671
7291
10974
4948
392
2364
3507
11486
1071
6158
10714
7703
635
6452
5191
11440
8967
4720
11453
1598
2219
11931
9418
8799
11775
9870
775
4464
374
1608
6530
3158
4422
1029
4944
11205
6247
10158
6461
8198
5393
9280
10263
6304
1808
8396
9206
8654
4746
7239
5254
11122
7647
2710
10877
4527
980
6764
1215
1318
11620
144
7259
7716
6861
4442
2504
3924
188
11439
4386
2508
1903
6250
10860
981
10850
4097
6355
387
10654
138
9905
7926
8760
2061
3228
11934
8965
6777
11456
5292
6509
3631
2460
3986
6545
8192
403
8177
2333
10134
3040
6156
9594
6254
7024
4985
634
11833
9494
9806
8247
6366
1733
9034
7377
2575
7631
11289
2568
3387
5434
330
5533
2324
10854
4855
8679
5293
834
2261
8395
8346
11321
4127
6755
11140
9724
4656
266
2307
2340
11748
5491
3796
9539
7168
189
9276
4490
2544
3308
6931
6683
226
1366
9409
4488
1746
11114
3617
2359
8355
8597
7911
2909
8710
7867
11043
7400
785
5380
4966
11755
255
9568
870
3031
8792
7418
2090
6320
7801
1282
9230
1009
1363
3990
11641
8092
11602
10791
8996
6897
329
8954
11926
9254
5188
1047
8685
7127
9832
11203
4641
3648
4549
6302
2704
5064
3933
2463
4846
2060
1755
3206
5538
9755
6880
5499
3520
10018
11964
5929
5358
3734
11578
5894
1439
3755
10057
9831
4838
2836
10715
6671
853
10917
11042
6508
5066
5402
7543
10812
2444
4562
1289
4524
694
6141
6005
5534
5294
2336
8281
5738
10237
4836
8383
6496
11195
8239
11089
8524
2597
10027
7812
5561
2177
1086
10919
3478
6815
2696
7512
1684
11019
8490
1245
8307
9030
10927
2518
2797
8818
4051
4854
10979
3746
2625
4155
2902
4289
3470
6567
8908
2382
1844
5156
10133
7675
1762
6085
4540
3087
6536
11178
8889
458
7619
9657
6123
9178
6368
9078
10424
6417
3531
5263
3022
10441
10076
3549
5905
5259
982
11191
2929
2137
10381
11083
7861
6245
10848
2414
1651
11291
2201
8320
3376
5314
1938
1778
2746
2076
1527
7659
11197
8778
7081
10425
5888
8321
8647
5474
8218
7439
2226
10047
772
5095
10065
6893
2679
7465
6447
2026
10627
9081
10804
9427
3104
879
3564
9569
8737
1958
10754
4427
6356
6384
2781
4362
177
8158
1397
6050
11915
11542
10496
11533
889
1777
8313
5295
11979
9426
2775
11897
3557
7016
4373
3023
3202
5693
1349
4690
10872
9393
1455
5353
1793
7794
5960
1280
9531
4992
3754
5065
7373
807
320
7269
3060
11656
3310
5529
2210
3599
5050
8687
5568
4974
2992
2731
3996
5130
10893
8380
10568
1031
6758
10635
3057
8336
8748
245
8625
3486
10813
4873
11141
4605
8504
5321
10513
1404
5819
4652
9334
9088
10435
11450
9916
1970
8639
3863
9170
11884
2323
830
4413
7890
5116
9300
5787
4801
5222
5200
3643
11758
9809
8016
10866
10847
4853
3731
5945
10857
2376
3917
4760
175
1151
9292
4504
2298
404
5101
3957
468
7322
155
1516
3236
8337
1187
5675
3029
336
7516
11177
764
1096
6584
2900
264
8556
4965
8668
3514
10643
9225
899
9608
1364
8145
5249
1583
11005
5049
1615
10279
11226
1621
3970
4124
3573
2285
3287
8179
11463
8824
11107
1018
9102
7096
3456
11675
3901
1681
3285
1198
10209
7408
6519
3007
11763
10546
11338
5608
9449
1973
7456
9455
483
9811
4343
4988
1027
6548
259
9375
5194
10007
5099
3038
8828
393
2953
5574
7714
8843
2520
768
32
4122
9297
1064
8098
2870
9497
9257
7693
5429
8289
6692
8065
1309
1849
10554
7452
11093
7172
6300
5658
5755
7704
1180
1796
7442
10744
3766
10788
9052
10592
10167
3675
6608
7731
1573
5788
15
10132
4481
9057
5005
4020
1690
7913
501
11575
11337
8250
3050
3981
7247
9173
9456
660
1558
2467
7042
5424
5366
5756
463
8560
9579
5974
2829
3477
7613
347
6016
1520
2939
9291
9382
937
2864
5761
5432
9005
563
8576
3774
5129
1493
719
451
10388
11455
10073
8152
9472
5278
7112
4588
7330
1555
859
509
180
5447
10055
2312
1055
11328
419
5297
5312
2796
10558
1789
4844
3656
6998
5122
9347
5511
5956
3154
10799
7839
5193
3608
2551
8121
1446
11614
6083
2041
2328
2853
8798
4973
2914
8814
3857
3921
1380
7925
7087
9647
10852
2260
2921
11976
9732
7149
11447
6058
2140
1858
6769
1943
7906
9810
6646
5280
6833
5264
4645
11169
2680
8124
5621
258
10011
10530
2279
9808
6583
3009
6101
11621
123
3270
10318
11632
1721
4774
4036
9928
5253
7702
6935
11507
6354
8046
8596
5840
1588
3118
5386
2792
7792
11153
1919
5052
601
5836
10996
7118
9814
2332
3193
8948
2888
9215
3430
7488
7682
2482
11584
7843
10246
3445
5504
4109
9695
7396
10168
919
9113
5730
5262
4167
1228
1040
6313
9186
10832
11224
5271
2182
10474
1286
8555
10405
5957
10885
9302
9487
3429
10353
1160
1872
11658
7380
6684
9322
8053
5326
2505
7945
4622
1940
274
6491
2221
7744
2456
8174
2277
4149
1900
6185
475
5301
4077
6525
2305
7161
4210
1183
2868
4363
9111
4141
3469
5039
9286
8891
1799
4358
4084
11640
6885
3316
11695
2052
6442
11634
9606
3006
164
11244
5626
14
3548
5874
9188
10862
8721
3809
10064
2810
11567
11572
3102
9228
11917
1481
7457
9046
8880
2087
6139
1807
9557
7183
10092
8898
8296
8683
10355
10826
9533
6877
11745
6719
7896
10594
11992
11957
3255
4935
2736
11962
829
7642
10238
4867
5048
6433
8080
11561
842
2457
3524
5691
7415
7296
7490
6088
6904
7410
5980
8418
10218
11304
9844
9607
11454
2150
238
8852
3781
4465
4452
6048
2086
8523
2770
8887
2754
4978
715
673
745
5612
11905
7955
10350
9465
564
297
27
4901
9015
8449
1592
11599
7198
2644
6812
3732
9652
9289
10515
6642
10491
1803
10135
4238
7120
6152
6961
2927
5964
7998
4659
4253
11940
191
6481
5469
710
1032
9919
3961
8817
1640
7146
8821
1124
3879
3797
10841
7169
5137
5778
9992
5518
4304
5786
11696
6869
8861
2416
2873
11663
7727
1541
4531
5748
1063
11401
7723
3150
7864
10438
2969
10966
2101
2548
3649
3702
4777
10631
9258
3567
4152
3263
961
5554
8141
10982
6917
3929
3773
10942
11499
4717
6203
2623
5227
8602
10372
511
7195
97
3295
5483
3471
6576
8672
5877
7321
1360
1708
8208
5985
9338
11971
1068
3145
1130
7866
938
5140
8912
2197
5477
7798
8267
1740
3347
11386
3195
2253
6841
6294
7181
8064
11297
2606
5440
7191
2646
488
753
11391
974
11845
4894
7053
11038
7357
657
8498
6235
9668
4007
5457
9371
10458
9865
10614
6288
4340
11617
523
3124
9802
2248
10278
193
8837
7179
9043
2077
1754
2118
569
9903
5668
9686
11778
11470
4653
2887
6731
1515
4150
1268
8577
2630
5020
293
9861
10473
6873
8000
11170
3833
7171
55
11791
9949
3298
1830
8764
9048
522
1315
502
6750
6673
2434
5277
3319
2371
3004
3867
3324
11587
4959
6798
9535
6210
8382
1788
4151
3115
10645
3810
9713
4462
9715
778
2803
10587
2549
11200
2048
6043
2123
2626
2613
3583
5689
6177
3825
9163
680
3041
6875
224
9484
10443
363
10223
10111
1644
1387
527
7039
1525
1496
4454
11616
7206
3635
6391
8767
4582
11480
4033
448
8440
3777
10577
6409
10410
10550
2560
8894
11942
912
6598
3533
5553
10649
2454
5113
6531
9957
7932
10536
5268
3762
8206
7692
8057
8078
10402
4133
812
2490
9454
5192
3491
10644
4103
3878
7673
7032
8641
2073
9116
10198
2837
10660
5046
2845
8960
3493
7248
8364
9274
5187
11902
4995
10305
5636
825
4228
3945
11642
2238
3457
8564
2687
8835
7336
3126
3624
5843
6596
11069
11383
11562
10659
8518
8540
4181
6367
5465
11258
9237
4198
8769
11526
8790
5732
8270
5231
2114
11409
7428
9567
4554
7585
2891
11527
1190
2650
6494
7823
11988
1125
10434
9685
1907
8511
7984
435
10802
8051
3182
4139
1477
11436
828
5968
6941
6343
3980
7105
165
7115
3815
4233
7559
1131
469
10839
11585
10772
9673
11991
1637
3088
6689
6307
5998
3381
2966
7391
9881
10701
4055
8472
9223
2840
9777
10685
4768
11146
8429
1122
3072
6593
3932
4551
223
1917
5410
9570
5962
4
8933
6983
3698
7873
10673
977
1987
570
8469
1199
6738
53
11723
5999
9938
5577
1586
282
11626
4311
3907
11438
5976
3523
11708
7270
2465
11896
3609
6571
5719
565
11674
2535
5302
7213
1083
5234
5816
9008
8718
5442
4884
10603
3730
6727
439
2445
5734
8297
3021
10831
442
10667
6493
6783
1976
8906
132
7364
6274
11129
3682
4737
8131
7243
11474
1044
4483
2533
936
372
9204
1956
9595
3000
10837
5711
11159
161
9110
1113
7652
6909
10444
8139
4866
9598
4732
11628
1734
9359
6468
9468
1672
4921
11751
4267
10290
11296
7187
2207
1912
7406
420
11689
9667
8406
5878
8196
257
2542
1033
267
6116
1244
9561
343
10624
6894
11233
8512
5248
11613
2341
5088
10846
2021
3690
9964
6791
5179
3452
4810
9840
4335
9135
11500
9342
1570
5461
61
2690
575
8955
7966
3269
1624
7681
3500
4674
7900
877
9645
10195
8242
4040
5853
4597
8934
11172
3201
2896
6771
5467
11853
4204
4629
9796
9519
7822
9411
7698
2537
5916
3251
4031
4567
7404
1201
6768
11332
7705
11016
5107
121
3736
359
4058
5206
8689
10716
5404
747
11882
6716
2526
10200
1412
427
7425
4006
7875
8918
248
5223
8232
4926
8229
6886
3847
8705
4329
4868
2586
4005
397
11717
7001
3954
4132
11601
9385
6528
788
7946
8693
5456
8533
4126
10147
9599
3597
8949
11998
2232
2198
9967
4870
11702
1221
6865
3208
1424
4913
7970
6558
11564
6236
1263
1687
8489
5438
1702
10521
8988
6775
4593
5564
3176
6264
11608
7587
10537
7775
9444
3914
5171
5003
4493
1417
855
2181
8300
5742
621
10801
10102
6900
8291
3123
6323
9332
6668
3800
9398
10567
3565
1003
9227
9197
10470
2375
6052
11322
8255
5635
298
6925
3862
8118
7701
1132
11985
9862
5934
10720
5335
6974
993
8361
8956
1107
1172
3948
10901
11661
7459
5882
2640
11935
8584
1851
3271
8463
8248
1450
8457
3568
2228
10389
4628
10867
1753
11840
6744
3066
973
9120
4102
41
2043
5663
3709
3720
7799
8786
3909
7438
2798
2130
2361
2632
9125
472
1431
1089
7928
3080
9738
7630
2699
6627
6007
8292
7478
11127
3130
10366
6251
2491
6217
7730
4148
9265
10785
10557
8150
3783
3644
9563
10707
11796
2275
7648
219
9321
6765
992
10863
9636
11638
3355
1123
7742
5781
9344
315
9231
549
7317
9127
6500
5462
2172
2274
3056
9171
2411
3323
2035
2167
11916
1835
7640
7300
3146
10611
10658
11865
9158
1866
930
9708
1697
1776
11945
2405
2922
6748
1222
424
2621
11497
8975
6972
7496
11752
11863
9706
3579
2940
396
7466
11977
760
426
2000
3633
5607
1395
7287
10116
9758
11847
230
5703
3119
744
3547
3949
8782
11801
1283
8368
10334
9416
10526
6908
291
7152
11551
8194
6965
10748
10226
10726
7088
6406
6487
8699
3036
10143
1421
6994
8083
153
11035
2983
9710
3374
4324
2662
4134
3408
11109
2487
6901
1143
4916
9122
9493
11854
11767
9141
6521
10602
1877
6929
8428
2316
10823
1577
9250
1429
766
8085
4565
6874
8049
7981
9014
3019
5025
7493
2777
9544
5634
9962
3818
2206
5035
2808
8257
4498
5437
7957
6230
3906
124
11633
9691
10187
9466
6068
975
4546
7943
5600
5409
7134
3683
3967
10924
3663
4385
3740
8740
874
7273
3466
3928
11981
1948
8886
2652
10540
11781
9348
11505
276
7664
8211
5903
4119
9736
2567
4314
4309
7591
10948
2982
5715
5867
4871
821
1112
8543
3054
11770
10989
2208
6859
7441
869
1294
2161
6259
9175
2757
7175
4996
10632
3273
10542
1054
1277
2403
11764
7154
8605
7667
9184
5343
7878
5790
10084
3668
4256
11057
8986
2112
477
6151
3851
10664
7759
791
4173
3757
3840
3494
3695
4747
2469
8404
11787
10828
7214
10060
6055
737
139
2578
5250
7597
8923
8408
529
8496
7073
5603
7421
4840
8359
6613
6010
6846
2702
1523
9245
2083
1656
4301
3108
11883
1389
5651
3203
3091
6278
5763
8513
2080
8579
11495
998
8367
849
6729
7884
2627
8603
3312
57
11901
11227
987
2739
6754
6227
8704
2765
6802
8373
1362
11987
9506
8727
10330
10492
9364
6348
9614
3244
11782
2993
11908
1988
5736
8613
2822
5455
9922
9148
10227
10935
4065
1783
5112
7584
5785
3059
4147
6298
1883
2561
10204
5019
6434
5605
318
851
10390
3460
8869
9383
5611
8697
5765
6811
11662
11173
10395
3420
6794
271
955
10021
1287
9229
10199
4305
8003
3873
236
355
5773
6446
8305
4056
1223
6577
9945
1250
2023
5087
9609
3962
2106
4541
7034
2339
7834
11288
4521
1388
1126
8180
205
2516
8188
8992
8942
9749
2591
6805
810
11160
1650
5252
8808
294
1409
8126
1811
10080
5384
9039
10795
6351
2322
1767
1677
7616
1822
7180
6892
1101
2527
11666
2580
8144
6854
5654
5699
8209
1219
1479
9033
7185
10971
6135
2849
3315
4735
3205
1972
11395
6146
8377
11208
6497
10251
401
736
2004
9406
7655
10824
1100
4501
9253
5935
5587
3037
8401
5863
5589
1379
3243
6718
1831
11060
10071
1039
7728
1023
1893
1109
8451
11384
5034
6767
4972
4908
6569
7605
9408
8286
1861
2815
212
11068
11817
6397
7710
3530
3543
9213
8744
11236
4243
2144
7566
8356
8473
6405
7974
290
2377
5218
6638
9936
9202
990
356
221
4345
9630
9441
6112
10746
6181
10745
978
5373
11550
11678
9701
4379
11262
8352
8972
2514
299
9420
2058
5427
3801
9619
1347
6939
10009
89
5926
8677
949
5809
6675
5328
2334
10190
10280
353
3790
9954
307
11734
8681
8089
3621
7254
2462
6588
6427
10013
8447
4284
1163
645
9065
2758
1842
9501
1722
3511
3148
3337
3136
3277
8370
56
1779
4218
1226
8572
2618
3380
11392
3872
3434
6404
9217
9314
4142
9121
6342
2113
2132
3850
8771
5769
11996
2608
7430
6172
6201
4544
11933
5940
8108
2002
6937
8743
8332
5445
4396
3164
9785
9774
10341
9747
9628
5348
520
11134
6910
6118
7036
6173
5645
3170
11218
5666
1161
5117
2718
9943
9101
9327
6852
1719
10950
1370
2102
1941
4248
4710
8854
11311
7678
11150
4859
8082
4004
9761
5509
6735
640
4192
2480
8273
2923
11421
3414
21
8241
9438
2031
920
449
1841
3930
11149
10907
11238
10472
7126
1236
3936
1720
8776
8858
2930
4429
7458
6549
1614
8125
1913
3775
4941
11049
10384
7634
10182
4654
5350
8738
1001
7422
8328
4395
11482
9361
3351
8652
3707
10518
7044
2388
1924
4725
9260
3359
997
6921
9703
7785
914
7246
3563
5900
5958
10575
9156
5623
3814
11204
2079
3404
5479
10662
10216
4179
6121
10691
5364
6160
2410
9207
437
9869
6076
10041
5372
11063
11761
2671
7062
2450
9659
7095
11446
3680
8017
945
5793
11410
5886
4239
11299
3187
4982
4391
9405
11245
70
9357
9218
8862
3575
3417
9591
4186
6229
4563
6977
8722
2242
7092
1111
4294
446
1445
9996
7894
503
7953
2935
11400
4860
2604
4261
2778
10580
9366
11744
4110
9381
9298
8946
9378
11181
10480
8751
6796
2800
1711
8970
1095
25
11326
1771
77
4752
5317
789
2015
4178
10287
4561
8476
11234
9261
1643
3658
292
8325
7600
1381
5185
5655
7226
9730
7262
5349
3937
9027
2669
54
1563
3216
6340
11276
8971
8260
10181
6830
1506
6249
681
10991
3378
759
2668
10855
8031
5111
3743
6871
10493
6682
2839
11360
5021
6594
5183
10089
1876
10998
1606
7446
7618
3173
2500
6314
10194
7427
1498
7979
11947
2173
9195
7557
800
8759
10030
2987
2129
1368
9849
5281
4517
5055
3923
9717
7837
4275
2255
9536
11235
10732
10975
11959
907
2067
10256
6789
1102
6927
6014
11936
6657
954
617
10362
11274
7569
10533
10743
7886
11494
3558
9036
9664
2617
11765
3235
4226
11462
7462
2497
4957
1499
11493
5585
7111
9002
6464
11206
7760
2233
9541
8039
3876
9801
1662
5077
3483
5160
1530
958
4556
8733
8475
9161
2553
1666
2065
9803
9822
4731
7590
7366
8084
8526
3888
2378
7907
399
11513
5109
6252
10629
9012
281
7853
1474
10886
1850
9270
10859
1317
3291
4456
5079
8897
7148
10385
9042
4260
1246
4625
10386
7708
2838
2054
10949
8294
10661
7854
7319
8661
5108
2215
11201
8357
9139
7046
11891
2345
5246
9875
8187
8008
11995
4128
11958
771
4496
4205
120
8787
8006
11541
8185
11990
7315
690
11478
7059
5340
4650
481
11846
7237
1074
11344
10379
11467
184
883
3360
17
4824
3365
762
9021
3423
2629
5881
8857
11716
1539
5013
9734
1723
10248
8957
6945
9450
6418
6542
10188
10656
5630
2802
10293
6164
3109
10961
4360
5169
3468
4457
9653
135
6393
4414
11524
4952
1963
10596
6932
11309
7479
1599
5827
615
10433
3112
8640
4486
5125
6467
1330
8491
5831
7507
7097
3834
7041
2229
2711
48
1604
10327
3092
1
4963
7080
3144
6962
675
11576
5163
8719
10328
9742
417
2874
1543
2695
11413
4802
11280
11536
3742
9911
7774
4967
9618
1005
5154
2108
3223
9226
2924
5741
4571
9068
5832
6132
444
10552
4003
3168
4203
11417
8047
9603
8542
4143
1394
2317
11420
7964
2889
8638
4960
6093
6808
10770
3788
11836
11544
3503
333
5485
11828
42
1069
9315
9410
109
5616
3090
370
4121
3366
3280
11870
5060
8448
152
1356
11832
1596
2986
6997
2231
1435
5084
5789
8545
5776
5885
2291
10074
11875
6324
1154
11028
9986
8309
2183
425
11118
7601
717
52
3893
1636
6891
5698
9109
3166
9994
3
11771
10531
4794
2844
2051
11281
5524
9129
6499
4409
2008
11653
7776
11101
799
7820
5847
3960
4514
721
11145
95
10288
3605
9971
4135
11920
3944
10451
6999
10721
1845
7433
10274
5124
10052
6867
3527
8684
2370
7656
9130
9233
4037
6984
7572
11625
803
2639
5508
2321
7686
4718
11728
9629
2528
278
9007
3926
6702
2684
11013
436
3544
1827
8207
4070
4887
4579
3832
2583
3142
4497
5011
9637
8827
6193
4255
589
10163
3627
6319
4503
3898
2720
7113
11927
4970
8716
10245
4519
1933
11750
2920
2801
2484
2719
4705
7924
9948
841
203
9084
11993
2701
11039
241
1325
6204
8162
8789
4279
9177
8774
3839
1082
9874
9876
5136
7736
2116
6522
4080
4575
4310
6914
5909
10406
9959
9576
6231
10178
3913
11255
9764
10711
10266
10800
1173
7842
3569
11085
9944
1696
5580
9917
7076
3156
11318
10440
7328
10479
289
2466
3002
3067
11137
8492
4114
6284
7636
8324
6645
454
5478
10040
11630
8269
4069
10773
11961
1918
6541
9525
9778
9248
11156
10014
2398
11250
2468
7635
3636
8010
10185
6115
780
8922
11076
4288
1382
2492
3389
10431
8421
6622
4919
3692
7836
8622
1785
10767
4714
3481
3078
2365
6964
688
1067
1036
4191
11657
5425
8873
9907
6766
7740
9145
2622
5597
611
819
7525
6518
5204
3419
5114
1634
1117
5290
9530
11655
3639
2344
225
10307
6429
8581
310
3855
3737
9853
9836
8290
10367
9864
11004
4877
10222
1686
8138
1006
3070
2893
6535
7844
107
10669
2550
5058
776
9431
9650
11825
5622
1888
11221
10369
11461
4933
4290
8772
3089
9683
4865
11357
7505
2559
6040
9500
1685
9584
376
6778
5272
8075
8589
9538
9282
4949
11607
3650
7058
4060
10844
3883
4699
6674
11727
6234
631
11412
6350
7293
5796
5120
4200
7320
10833
2252
6103
3382
4787
1531
3626
207
1339
3555
8839
2176
1761
3687
9209
1472
5891
11820
1595
10270
1950
7292
5355
4227
9310
9128
5394
1384
2049
1386
3935
1812
7738
10173
1923
4299
9791
9507
7279
4502
4804
10897
6383
5527
11624
7344
5106
6046
5963
8163
4030
5848
478
2592
6216
10576
9656
10869
4834
3215
5873
2572
2665
3602
6223
1224
8172
9140
10213
3396
2230
7455
7482
3330
10137
4755
11424
2732
9341
4667
4789
5219
8633
1862
1017
674
11460
10836
9529
3246
11055
3678
1932
5228
8335
11139
9696
10312
5225
3241
9091
5924
2616
6599
2171
2100
2774
4691
3117
10789
5300
3693
9648
6067
1503
8372
5883
691
10604
11190
5753
3572
8221
6248
5914
6585
1438
7469
2972
11783
2634
394
4302
3772
4534
11135
10999
9707
5833
9690
616
6358
9532
10637
11605
1764
10756
2393
2494
8758
7578
7817
3388
7372
8796
1164
157
2772
7367
7790
4936
8254
10485
7351
2443
7737
9735
786
10356
11609
3612
6213
1704
6131
345
6680
10668
871
5989
11639
5550
6346
8805
10774
10110
9720
4081
10401
11558
2447
2179
3845
9633
9981
8021
5953
9435
5932
6154
3407
10320
10059
7582
7031
304
11721
2290
8514
11813
3332
6338
9780
8371
5531
5720
6863
9447
2319
10202
8890
398
4154
4095
962
2284
7201
5777
5820
9527
11112
6202
4904
10120
9478
1359
8868
4317
2401
6944
1297
6482
7323
9434
5679
1593
10044
5830
6033
2884
8470
8859
707
5239
11895
2936
11315
3464
1921
5362
11627
4604
9495
1649
9469
929
11644
2841
4728
11856
10599
20
7671
6616
3421
11850
9476
7387
2917
11220
613
10686
9097
4849
7696
7382
9047
9990
11871
11399
5930
8651
8443
863
6511
3934
7035
5330
11563
7949
4278
3081
5269
6934
9770
9268
4276
7454
10807
96
6100
2566
5044
2266
9518
4342
181
3437
10426
11686
1169
3103
11211
11434
9581
1714
390
5625
6469
10861
6663
8612
9601
10498
4079
8181
8464
4998
6781
8487
1759
6460
7348
2949
5408
6273
6478
10268
7908
10387
9461
9400
1959
60
995
3505
1580
7486
7858
7106
9374
2958
9855
10595
731
5480
1022
8026
10010
8114
2168
1081
2109
6212
10798
8066
322
1716
9759
2472
9887
8525
10015
2439
8609
11103
11279
2901
6973
3499
6443
11786
1410
8864
10983
3793
456
6625
644
6161
2383
4059
10038
4397
7221
3989
7606
809
1784
11592
1534
11358
434
4706
10512
202
3529
3131
632
9144
6426
911
2827
5439
5638
7229
9571
4074
591
5053
7306
7622
7354
11256
10321
1303
9463
2624
3224
8299
1091
6695
5842
7782
4632
2225
11784
3953
9423
10749
3681
10858
6416
1468
6670
6293
8303
2479
4535
10939
4771
4115
876
1463
237
11818
5993
5224
2552
5152
10142
966
959
684
11176
7942
5610
11310
1567
2715
820
8028
5396
7399
10113
10339
8151
5308
9259
10684
7244
4595
7594
7266
7808
5817
9517
2085
7074
3143
1942
4619
8166
4882
6704
4841
76
4596
2046
10682
6476
11428
11682
9263
1787
1886
1037
6396
6654
3065
1220
1020
11680
3647
4237
3653
8107
8215
6679
8963
3225
10346
10757
5525
5594
3920
7123
9290
5418
4685
2470
8436
11978
2649
1312
6261
10313
8128
3392
11545
7756
8019
8112
4670
11955
4606
9319
9604
1275
3232
9769
9622
10450
7017
10236
11831
2244
8109
8132
10571
9281
8981
1832
6617
7851
9702
4262
408
2368
9953
10583
700
801
7835
3248
4693
11308
337
6096
7365
4057
10176
3185
2587
3391
4423
3198
2384
7534
473
1208
3941
808
5952
6574
1272
1127
2357
3231
11700
5541
1585
1261
3756
6776
6489
9323
8735
209
2903
7362
10409
3329
6793
10873
5054
1928
11815
6553
8870
1193
5582
2813
5073
1774
5562
8235
3725
2191
11075
5983
3397
5094
8510
9698
8736
11452
11911
5497
8040
432
9243
8055
11968
6041
7621
11009
7752
2240
4319
9305
4356
10058
1936
2511
890
6398
2040
4123
9854
8027
10229
1790
11922
2991
5560
4350
2428
2105
78
11670
6946
9089
10525
9829
11025
9766
10680
5110
2948
11487
1846
10523
7515
6110
5696
5575
6696
1097
11583
6099
418
10417
3275
546
5490
10903
2180
4934
6272
11974
784
7626
8182
4862
3230
11091
8073
2531
7669
7795
5537
1892
4247
8844
10630
11710
10082
5213
10904
1230
8610
8899
11143
7930
2012
7690
9032
2287
5978
732
8930
1462
722
2773
11906
2857
6737
6756
1980
443
1494
1853
5217
4348
5641
671
6179
686
8745
2153
4146
9682
4657
630
8043
10809
11381
887
7310
6330
11597
2877
1545
4475
5347
126
11327
2894
4681
9318
5865
4989
7623
9041
2522
8390
6027
11008
7286
9216
8136
2512
6098
8742
11681
6255
5127
10394
2417
1398
8036
9660
2913
4166
2247
3854
5933
5961
9446
4929
8500
3354
8826
9787
5346
6412
3791
8134
9610
3399
5383
7158
4499
2331
10639
9056
10191
8212
5854
3474
11950
8029
7821
10012
1357
7518
5783
6561
11683
3574
11045
7912
10371
4689
6129
8615
7741
3630
5595
2435
5333
9013
7923
6326
1142
4087
11277
5332
9009
3589
8715
500
10368
5581
11556
2099
7743
7163
8167
11254
4999
7560
4053
9797
8452
7940
10601
6606
9221
5818
8994
3603
7411
8342
11496
4951
5091
47
6698
4543
2910
9545
3011
5406
1648
5665
3910
5947
357
11521
5488
8462
3226
4144
2438
1217
10457
4156
1019
9520
3637
7298
9566
9496
11073
1149
4246
2186
5942
5739
3701
122
11207
9556
5377
9602
610
11779
11123
159
5946
4743
7960
8851
2816
9363
1401
1205
1079
2655
4643
65
8673
5723
6104
11154
1137
11180
11960
9489
6498
6753
5158
5498
4163
9553
1233
5613
7898
7132
2525
9665
10310
5459
2068
7331
3998
11397
1437
6957
5030
3881
4236
4400
6826
2088
9819
9860
11588
4024
4161
10972
5142
1043
9823
6262
10291
10504
8832
8593
415
6463
4372
2134
2712
1889
698
5421
11857
4856
10829
8
6026
1267
1471
11672
5547
233
9526
11065
6819
3890
3831
8499
9756
7857
3317
1488
6717
2412
7395
5417
270
9786
8995
11099
528
5901
2523
3713
8011
460
1041
8405
5884
6275
7431
4250
2016
7234
11087
8982
2301
4805
5770
10024
11331
831
1355
5746
4721
8195
3125
7390
11713
5161
8425
6092
8503
11306
8244
8020
2196
8345
2595
5522
5602
6148
967
3718
3191
3931
1834
9765
4417
11944
9432
5195
4898
6982
10079
3258
4054
6209
9961
5772
4489
1990
8823
1012
11692
6013
11659
6547
6194
7110
714
7445
9899
8911
2721
1512
9362
8338
10636
4460
8563
5700
4432
7468
1669
5207
2299
9076
9762
9605
1519
5619
7574
9546
8287
4680
440
8060
1673
9251
8455
1281
8703
725
797
1744
4981
7540
5463
11267
11522
553
944
2432
3771
3696
6697
3971
7523
5147
4703
11943
8795
4677
6706
6035
11712
4199
11161
7524
3199
11442
9978
11130
11669
2784
9159
8872
9616
11876
6578
1353
1964
10127
823
11793
2473
8635
10820
6480
852
2352
3027
10778
2973
6943
1257
11555
11210
3048
2582
4044
4683
5714
171
5539
8883
11571
3581
8663
11718
5036
6724
9728
4485
6788
2942
1646
9486
7825
2453
4607
4137
903
4469
10652
7337
6749
10581
10254
5502
6218
2306
8059
3856
3826
11636
7045
4050
3820
2951
7724
2962
6568
3325
6550
10987
3175
8236
2965
1038
4744
4160
8240
10247
1341
11802
9641
8135
530
3083
8800
866
1066
865
1930
3411
5273
9722
9843
11196
1420
9054
3714
4175
2633
592
162
2691
4086
5971
10365
1466
3135
10529
4145
4954
7764
9977
8939
7464
7963
10952
9174
3596
9354
11314
3506
7734
11292
11559
9179
2698
11449
11225
405
8295
6015
8071
2356
567
1949
9000
6174
2211
9510
1670
9697
6238
2030
5010
9424
8326
5969
8991
8753
10130
6817
1839
3327
9509
904
11709
11893
7687
3670
7954
11954
9748
4439
6665
8435
7028
3580
8205
1910
1810
1989
8262
6060
6044
316
4895
7536
148
7064
3767
3674
7190
4112
2070
7773
10910
1802
7633
3160
5279
10380
10761
9757
1218
6257
4536
2946
3282
5546
1689
10628
3513
5936
7371
2685
9709
10303
1405
2154
2141
7217
11517
7829
10887
1365
5466
2944
9752
9278
1326
9023
1181
11088
3101
8599
1898
10494
8110
9242
1847
3386
10495
4863
1249
6579
6456
560
1884
8783
11807
10267
3153
11635
9830
8644
5360
5555
8102
11247
741
9889
3835
1536
6336
6787
2581
7449
8142
2474
1320
94
8312
3571
7278
4925
1501
9380
9842
2430
5629
8385
10414
9906
4511
7880
1214
3843
9106
11879
6651
6059
10106
5911
598
9850
8191
11539
6219
190
8568
11772
11903
918
4420
4453
6321
10347
6018
10157
10762
8430
1999
1453
3880
9879
5713
6710
3939
11619
4029
6380
10281
2540
787
4931
11361
6551
5639
7883
2502
6373
6615
2024
10792
10358
8201
6555
8272
7750
7779
10471
6544
8928
5586
9443
2227
9895
6292
6630
8233
9704
3426
4990
5388
739
5375
5937
4441
3956
1418
1786
4569
10260
9485
2257
4923
9370
11064
1627
11037
2280
486
9623
668
7491
923
4068
7973
4662
10484
8616
6760
8537
470
10359
3510
5078
9676
1955
5092
1407
10437
2010
4707
7550
10166
24
2851
5899
10323
6699
5119
314
7077
10301
2270
3882
10445
10337
3140
4516
6176
7061
6459
729
4403
8117
3194
3204
9768
5162
2573
10670
6075
1084
3975
6021
2276
8072
3256
4341
839
8671
11365
8088
1891
1053
8617
86
5864
6954
1332
10779
1518
10803
9987
2705
194
10851
9414
11261
8566
9203
10968
9220
5181
6280
2786
2809
7547
6243
4176
5385
2441
10688
11776
3454
7378
7921
11999
5305
6260
5505
1278
6740
7602
9337
6387
2057
4448
726
9346
7443
2175
11077
5996
11364
4251
7083
10019
11115
3685
1602
69
7004
2258
6969
10538
1983
7802
4450
7216
9165
6291
11946
2538
8755
6037
2843
4675
5149
5247
3587
1385
11859
13
4712
7625
8637
3075
4286
1556
8400
4686
4047
2259
4405
4078
1828
2678
10573
11858
2107
7155
7138
3252
1582
2509
10276
5951
1167
10105
2730
10759
10235
6090
11790
10403
3517
5828
10001
5023
11189
8830
3735
6659
3473
2452
4463
10455
8442
10486
4477
1946
3745
8538
8916
6763
7521
11557
8902
11017
10689
11192
4899
8527
1641
2607
6520
1997
11348
11168
4023
10477
49
622
4213
5022
6382
8978
1658
6732
158
5464
5221
8362
965
11167
5000
8329
5552
1546
6134
2413
1804
8461
9807
3813
3985
5652
5808
7407
3684
5640
4338
4741
4017
3278
1571
11506
6095
8005
9475
2131
5320
7051
5057
2700
8984
6643
5492
10777
9885
5990
11531
9950
1809
626
2036
5702
7426
11939
8397
9152
11804
5973
6989
1189
5690
697
1559
8544
10122
8867
5167
10028
2271
1295
11483
7876
3542
10724
3861
11520
519
169
9872
1663
9118
9296
1013
6829
524
4783
10344
11278
5650
5688
182
8871
2554
3864
11094
2555
10609
3482
7904
11665
9006
5245
3297
8217
11307
62
7481
10104
1321
7811
10257
7510
4782
4478
9275
8087
10969
2689
5745
8253
3753
8937
6940
3188
2419
10931
7301
8621
38
11275
6122
5230
8797
4491
4438
3257
6644
280
11843
7
1346
4116
2957
11375
4471
2670
957
3995
7769
3991
10524
4027
10956
8806
4049
1772
111
2645
4153
4195
5319
466
7265
9419
63
8686
409
5721
10918
1077
3891
10415
3750
5100
3711
7325
10099
6856
4090
1855
6200
10565
2557
4368
10156
10849
628
7562
7895
3794
6751
7553
4734
2614
7178
9985
8460
373
326
7768
8276
5991
7384
9429
8034
4382
1061
2834
8389
1265
7781
2856
7533
5695
4780
8993
6559
2594
5510
5966
3532
1589
10097
8583
1904
3768
10462
4875
1372
9958
11794
10737
1927
8901
3106
5303
10610
1619
2688
2967
3043
10709
2663
11510
656
7846
1726
8614
3370
5276
10793
3521
9211
4661
9952
7040
10642
10215
9974
11466
3183
3178
7719
4800
6824
11701
9421
5089
6884
3628
4765
1698
1062
4336
3786
11671
6889
683
6563
5710
5682
10214
4214
4100
3912
6282
7049
1752
1597
10868
7212
5907
4969
1274
4042
6976
6958
10002
2097
10087
10207
1760
10197
10242
1642
5849
7805
428
9062
3132
6595
8785
6163
6296
3733
3632
44
133
7909
3654
11529
213
8316
9679
9277
9045
5177
10564
1350
2789
9920
2825
3508
8780
11246
7219
6604
1729
7405
2358
7010
2110
112
5722
1560
6951
11052
11569
346
10898
9340
1587
9902
4700
6419
7437
6208
6465
11618
7971
1561
6552
11530
3422
1485
6153
7951
10428
4696
3149
4684
9868
1352
8667
9071
2020
10468
9989
2402
5805
9852
9973
8349
8850
832
1736
11560
2805
947
1535
881
7517
3177
3744
11414
8271
10683
7732
2263
8688
2390
2988
3964
10262
4939
1899
11844
10818
8698
6258
1192
7803
3588
1094
7745
6990
3448
8018
506
3821
3703
10053
8768
5927
5598
9909
2602
11209
1805
6868
5725
10890
11737
5637
9285
2519
6339
3987
3827
8278
8915
8230
3719
1815
5931
11213
1998
9658
7203
9867
5015
10269
2320
11390
9741
6399
7522
395
3659
716
6570
8079
4568
9402
6091
1775
2744
410
2039
5009
858
1895
7531
8434
6924
8765
2859
623
6305
10375
4532
7072
1875
8831
4281
11070
2952
3395
2605
5063
7020
1313
8709
10697
689
1442
10710
10881
4617
5556
10962
11910
2977
7027
3947
4564
250
1182
4977
8076
4827
10103
6311
4874
10404
10994
7780
794
10418
6066
932
10750
10063
3442
4240
3249
924
7137
9273
608
7047
3908
4889
6504
9540
9035
4196
9634
10551
6721
9877
7267
4380
5164
3951
2203
9333
926
2289
11266
11754
11272
4878
11329
6437
4339
8829
400
6424
11848
7340
1801
7826
5794
2603
3147
6064
5558
7617
11664
5984
2032
3525
9224
4668
11215
10976
8893
6370
9256
2694
10296
3435
1351
956
5543
11516
1965
10308
9094
1724
4857
7305
5316
4184
1186
624
2830
7432
10161
5356
2880
4608
516
1705
9583
6279
1607
6232
1529
2268
2979
6364
3415
147
125
3180
6991
5080
10619
9666
6144
6215
9474
11746
9430
10261
5576
1991
1728
8573
6271
10909
4538
5669
3484
7122
9555
8153
4713
2968
6169
10115
11704
1340
9969
5579
1465
1248
5915
7023
5938
10940
2579
11036
11354
2898
1059
8674
2745
5363
10128
8170
4598
9352
4658
384
2823
4669
2760
7353
4209
2752
11385
2999
1433
3741
7576
10070
4165
7862
585
10239
4431
2763
8929
5764
6056
11432
9859
8454
3993
7901
342
6422
8052
5814
6332
3625
6423
4803
10741
7990
256
3443
8004
1492
216
2726
11543
445
1769
7941
3321
10928
11398
5344
2539
7189
1682
5426
4369
8466
8374
11785
5803
1742
4075
6120
58
9477
727
10324
3214
11433
4964
10600
9582
2394
11611
5202
4599
2495
2251
1153
2387
6410
11239
6242
664
10419
3900
229
8551
5059
4976
4869
8903
4437
4937
6244
2783
2569
8317
11382
6950
2169
9059
6078
10286
3550
713
8279
7483
10255
10819
1735
3005
10738
10607
7577
9521
5354
2842
6801
711
1165
8881
9915
1836
11323
3950
3539
8035
5536
9112
5678
11735
4351
5824
5157
1045
7227
1818
2237
6108
7381
6012
8245
6614
3540
4187
897
10764
7282
11187
11822
7567
11031
9336
11698
287
3373
3475
11405
4770
4997
4858
3919
5484
9760
9040
10029
3107
8293
8350
9024
1908
968
5563
6681
3186
2908
8636
4188
8160
3440
3239
261
6821
5895
10923
11887
4370
11518
9404
5649
6349
774
1935
7145
11488
9236
2653
3172
10722
10528
6189
4594
8331
5646
10505
5988
220
11693
9871
3279
9792
3331
8550
3042
7264
9835
5859
8557
10562
6923
10598
7379
1676
7130
2062
8626
8030
200
10208
7610
2372
5368
4507
4197
4621
8446
8810
5667
160
10475
1524
5229
508
609
8420
4861
3451
603
7649
8225
11451
2918
3721
3403
4408
9123
5939
7761
11294
10008
10020
7869
4848
9238
10283
10915
1618
4280
6086
9813
10875
3629
10586
6942
4105
5026
6534
9413
5516
10399
9884
6265
7579
4223
4076
5503
2933
6713
4361
303
10549
742
5017
4224
11214
6803
2091
11800
9051
8708
5835
5728
5559
695
6214
9147
1645
4430
10466
11788
798
5370
6928
5880
11422
2673
11164
4376
544
178
5235
10755
9467
6149
2122
850
2243
5435
339
9612
1344
3874
6995
5033
6290
3169
8365
6353
3339
2155
1971
11966
578
2014
3495
3217
9222
7388
1458
1870
7341
3364
7650
4610
4028
11229
10719
174
8756
7052
2189
6533
4472
4032
7570
1947
3264
5657
7554
7263
3016
4492
3018
1885
7885
1194
7013
864
3167
1376
5126
9360
7294
11232
6757
4415
6365
6233
5839
6741
749
2111
10706
8926
7440
4088
8732
7712
11464
3509
3758
9960
7733
8990
6774
7950
10090
6063
5955
5487
9893
1156
972
1343
4890
11074
11119
11715
3401
2224
2220
5296
5684
5
2142
4956
1773
464
2437
11324
491
971
82
8246
1483
10648
2899
173
5451
7922
4022
8061
149
3610
8662
3044
9972
7889
3476
2119
8656
5339
10865
11973
11301
1763
10241
8549
5752
6315
7603
9931
9143
1934
3139
6626
5182
8173
5627
6956
5199
1731
4601
7210
11051
1080
4539
900
7657
676
2872
2780
3699
9681
8848
7492
6661
11873
364
7299
1857
11273
3242
4915
2373
9841
4484
7144
4428
228
6004
3311
5411
1028
3035
7929
7162
5825
385
4287
2577
7767
1296
7066
5398
5244
382
1008
6510
558
9133
10407
2571
8038
8904
1631
5545
10821
8159
571
11890
5121
572
1508
3765
5758
11228
3722
4763
638
2759
9554
6853
2858
3728
9998
5759
1664
4021
699
6337
9939
2738
8983
2124
11837
693
9624
2120
6922
3669
1425
2209
4117
8157
8694
1579
4230
5151
11330
4265
7050
9611
11429
2950
5826
5178
1202
4558
4264
573
10297
11370
9137
7991
1737
4589
4015
5733
7409
10031
3560
214
9897
11032
1715
11819
8015
9837
5542
1668
1204
886
895
4613
10666
1639
10834
321
3161
10977
11351
6986
10725
6823
2288
2103
10314
1270
6457
8165
227
1601
10465
3812
10150
5565
8896
6872
9330
3965
822
9239
8148
3997
6225
2667
1574
6601
5315
3343
5105
9099
9588
1273
6847
6883
7556
10476
9316
7757
3047
10481
6745
1207
2188
10098
1200
7662
2749
7228
8574
9299
10192
5572
9491
1093
2860
6516
10650
6079
1300
2310
10315
176
10679
5061
11373
8601
10091
7078
1881
2672
10663
412
5521
507
9452
11120
5412
1354
10574
3706
4254
2216
9235
7860
4419
989
1092
3299
593
3465
344
6407
8546
10124
6415
3665
9918
5846
2013
6266
2620
4614
4190
7207
1174
7114
4784
7931
8952
557
218
11676
9788
4046
11249
9016
9543
9781
8086
8183
7986
5671
4962
7755
7999
8624
7830
8224
2541
5557
2212
7729
10219
4295
5686
295
254
6752
5134
4993
10234
824
4893
8485
6848
533
5841
5735
2883
10152
4399
7014
10843
6649
5967
10244
5166
9817
7026
7007
7987
7117
5977
10420
4757
7563
1749
8648
3151
66
3342
3963
9295
11652
9848
3362
7308
1114
168
9827
5450
9149
4537
1452
9488
4211
10522
2530
10973
9737
1843
4505
7583
7530
11918
324
5672
4930
11377
7903
3210
2897
11293
10107
5212
3461
782
10503
3245
3384
6377
10396
5925
9433
7746
4518
1391
5081
6565
4474
8186
8590
3095
2532
9631
2599
411
5460
6722
11647
3974
7193
9308
9963
748
10620
6303
8433
4655
2389
11860
5473
10677
1461
11861
10272
8866
702
10912
2743
10453
5337
847
10077
1098
5071
7476
5896
4436
6635
2926
4708
1626
2496
8591
11290
9022
504
2570
11241
2187
2093
3817
1854
7355
5135
4984
6970
11265
1408
3340
9066
9714
6345
1128
7548
7936
10088
8347
7160
9866
7629
8528
3715
2135
7628
3159
8664
4061
5851
3051
1284
2409
1600
1725
5184
7620
4377
8379
11972
11252
8535
151
1905
9684
11086
11100
3865
9266
7614
3717
9983
4298
7281
4321
5673
3896
5489
2294
7905
7797
11092
10447
2998
1713
11319
1730
1894
8594
8680
1757
652
11067
5176
3664
3866
4620
8041
7326
9284
872
11919
4129
11589
10728
629
6968
6980
2931
6746
9396
728
9711
1444
7333
9090
7346
7030
5159
1322
1057
1377
11131
6966
10694
2524
3671
1225
5592
10201
6113
2311
10067
11604
5365
9492
5893
2162
7275
2302
3805
1392
5670
708
34
6207
64
3764
11465
3661
2326
5215
7255
10332
10618
2250
10814
10888
9190
7916
7827
11888
9168
3983
7324
10588
10081
7694
8129
7828
11041
11660
6907
8885
3938
11147
3455
5098
2408
1469
4694
4762
8219
709
10672
3615
7589
2363
7313
9249
4201
1551
2147
2779
1616
5468
916
3302
5986
4062
5661
4130
3870
5821
6660
4482
6639
2728
10985
8951
9946
10203
8444
5850
6327
1633
5481
2717
7638
7680
1430
856
5749
6159
11743
7989
4107
4615
6432
7506
5289
4983
11193
8807
1175
8936
3726
7271
9119
6621
6124
6708
1612
7006
6142
2044
2960
5493
11864
11757
11929
11568
6677
9828
1549
3222
8726
11989
11984
4322
8665
7209
9271
2945
928
4282
1310
3237
5143
8314
10423
7565
10626
1590
6184
5454
8825
7891
9587
7503
6310
6685
6532
3666
7167
9100
4920
3694
1937
493
11498
10830
2033
4272
1610
7184
4739
5001
2938
301
9240
2350
7335
495
10640
3577
11102
2396
1513
5520
10357
5205
6166
5683
1176
1168
8115
11078
3895
5712
8399
8227
3846
8781
5051
505
10206
2415
2961
7879
2956
619
7806
3338
1701
2309
9075
9586
8495
4555
5236
5570
2262
10349
2089
2600
3390
8925
9064
1765
8627
2659
5709
7358
5220
7770
4193
9326
8670
5601
2050
9693
354
906
8344
3534
7677
10378
134
2832
328
4384
10338
11408
3293
9108
1819
754
639
2449
3586
8033
1048
10037
3425
10391
2513
8966
3025
9355
6843
11448
1880
10442
11053
3871
8419
10959
6985
2166
6543
2714
9272
4740
5513
4455
3841
8387
11121
11878
2682
1613
3377
3490
2156
2724
8494
10169
5717
5441
8074
4918
3369
10921
9072
9800
9694
323
1400
3162
11687
8734
1486
10448
9699
3418
1528
8882
5965
6157
7968
2278
3307
11363
9896
10141
2421
8836
7952
9085
9194
2297
5482
8747
7151
10271
2318
10681
11349
6283
3200
6352
11388
11416
6517
2064
5285
5920
10043
6106
2981
6507
3892
9726
8306
3063
2756
3848
10439
8301
6779
6256
8284
11511
3561
9913
11816
7935
9979
2354
7233
11108
167
3613
1738
4778
11566
5449
5868
1816
11877
921
2190
3353
4242
7196
10
7240
2664
7057
1088
5374
8717
7763
6691
8998
6842
10787
3133
7038
5837
11142
5476
6930
6926
10882
4252
2348
4698
3645
11264
4293
6372
6165
7934
2641
1075
10634
1121
5446
6077
4833
5392
9498
4388
2984
5369
273
7085
1490
8997
4045
1243
2458
4528
543
2283
3651
4318
8521
6628
5148
10992
9638
7416
8184
8274
5298
6526
8477
6114
2381
3576
2481
7008
6206
513
10467
4715
2716
4666
1103
1655
4638
6773
804
11913
7685
3165
994
423
8628
6475
2661
3253
6147
2959
11852
7297
2426
4421
3811
5515
8282
9892
11581
8265
6782
8720
51
3807
10488
4509
10361
2475
5486
7448
9782
10993
11830
7532
4687
2222
10555
11651
10695
2692
4671
3184
11117
6785
2218
10501
9550
4672
3752
568
4459
826
9403
4796
4843
3290
3955
11269
6658
10914
6603
2117
5628
6816
192
3601
9789
3326
11179
10506
11445
2656
2869
7170
10735
2521
2707
1925
9
659
5979
6359
1070
1782
2882
3595
8746
2791
11056
7121
11732
8488
4587
1553
84
3860
1707
3393
730
340
1897
1449
10753
3979
496
8285
6430
9839
252
6025
9373
4067
8422
9353
11441
1693
11501
10036
11835
5284
9815
9397
9970
4980
5659
10117
137
7988
7539
3806
7222
9783
3994
2236
4169
10702
3267
5075
8619
81
8754
4914
6711
10319
6022
1316
480
11097
10932
7204
431
5815
1562
4352
4406
5283
2143
11963
10411
2295
1434
8532
556
6637
10289
8302
9306
352
6662
6080
6240
3916
8304
712
9589
11183
9951
9924
9646
827
9572
7284
11622
2503
4635
8486
7831
383
10193
2194
10920
6564
5131
8914
3887
1179
9470
6591
8116
2666
4249
3927
11106
5401
59
9107
4244
7762
7116
7098
3086
10794
5757
9328
7501
4611
857
9999
11096
7519
211
5633
10331
8592
8634
10114
4830
3010
7327
2342
6143
763
5430
9324
11760
9548
4398
703
8095
9613
9031
18
11797
3039
8941
7877
4002
10578
8360
3760
8856
7370
2824
743
7646
9940
11011
9727
1240
10584
4337
1510
8375
3904
1253
2804
2488
247
8333
3787
11547
7976
9335
4883
11132
8706
2418
9205
3977
5031
10398
2854
5644
3261
11186
11476
4769
3638
6385
6180
7653
8127
11697
8961
2053
11303
128
145
8696
3284
9934
2234
3410
4312
11243
3830
4704
10051
1378
9480
9017
7211
8100
9464
3020
2782
4729
3055
3001
9821
1657
8113
2934
2184
1374
365
9812
11174
3504
2006
4749
6669
805
8501
7645
758
9968
9739
7766
817
10930
4815
10273
8586
969
1625
11443
692
11703
8730
3371
682
7502
11508
8554
4912
9244
4807
2799
10180
8334
9440
2642
7672
1480
2911
11914
11340
1878
4612
4722
6546
11079
7067
9401
10160
5361
11396
5747
10336
6363
10665
7595
9882
4835
1454
1026
2727
9833
10123
1139
6981
8388
8054
4307
7689
10543
1367
4637
9705
661
10605
11426
5768
6425
7813
9514
11648
4164
10121
8263
217
6057
6709
9725
8441
4879
7580
2315
8913
1345
11485
4303
5243
10853
878
7463
7751
1010
2325
963
5028
1922
10174
6428
6742
655
10519
7609
2510
9592
9358
4412
1957
5309
8171
6002
7192
5118
1770
10894
6840
7915
142
5871
7983
10034
10933
2565
11590
4806
9287
7992
3171
3822
4113
10895
9744
518
2546
11144
3578
4847
11591
6664
7793
7393
3003
1191
6953
10731
2996
10459
6827
10196
1840
9196
7472
11705
2867
154
7069
3428
2081
9388
2855
7099
4285
7865
3819
3137
1428
4781
3545
2127
4025
2507
796
4896
4701
5008
7816
7063
11546
4932
6334
8675
4445
11430
4876
4891
913
9312
4917
3181
3784
1459
3100
10705
6705
3646
5780
10984
1700
6379
8154
7129
7102
7551
9511
10544
1115
5336
4678
2327
2152
7592
1901
4719
10911
7025
114
10125
5995
80
11803
4426
5233
4642
11606
606
612
3541
4646
9504
3496
4026
6806
6655
3712
10151
1327
7258
9689
6879
6786
8025
11240
11259
8407
4775
7312
8056
10224
305
9192
1467
2400
11810
7037
9070
208
3844
9984
11523
6562
8465
8924
72
11759
11341
3367
5551
9997
4120
10765
7495
738
6502
843
976
1977
5496
7537
1747
9678
2788
8678
7339
9288
5762
1396
9891
6650
2138
1532
1745
4679
31
9436
429
838
6074
7033
4308
5890
6825
11066
8353
101
3138
1015
3219
7241
2362
1688
6190
8189
10713
561
7715
7304
7978
11457
11839
6222
5506
4761
8888
5139
5897
7899
1968
3265
7870
4383
8565
7156
492
8660
7497
4365
5614
8623
5801
9754
4723
896
8275
3073
10432
10892
7261
740
2303
1051
814
10230
9776
983
9677
9176
10083
9482
482
7484
2740
11188
8585
3028
4402
4446
4071
10730
6971
5265
8410
6239
7345
6822
23
3903
2126
11924
1509
6301
1780
1333
2069
8642
1820
9150
9038
3197
9367
8467
7571
2681
8855
1594
9635
4716
5517
11774
3570
3358
4831
1447
8037
7887
512
9718
11598
5685
4845
7641
8723
6436
3808
5687
3497
1709
10048
1427
4512
4888
9927
4064
6306
7581
1170
2793
9515
7235
11251
11766
2890
8875
1671
7852
2703
8097
2905
1860
2223
1011
195
3984
5448
30
8149
2735
5133
811
3071
5811
6474
6813
7141
7718
3221
7173
5795
7494
3012
3592
4344
1566
6602
6987
11023
9662
7194
7289
795
11182
4945
3128
9929
7084
11969
7552
7232
4647
10638
4494
1962
9700
7256
5740
5190
6772
10879
10265
5549
8707
2195
7709
4630
9547
11503
3328
11552
2833
11814
489
1159
4207
651
11378
4001
1981
1411
8178
7868
6325
4401
2741
1985
2425
4864
11350
7338
1511
5240
10460
862
10075
8977
10277
8103
3409
4649
7753
8629
6009
9283
7079
9820
1502
3427
3305
1342
4542
5345
7447
1413
2954
186
3416
4320
653
11549
8258
2755
11012
8068
875
3672
2585
4168
8204
9096
1305
6438
6347
6473
10175
9473
6322
10616
4751
2217
5656
607
7236
5724
6707
10452
1622
5653
7939
83
6285
2596
1195
3614
10768
9384
6392
8947
6790
6205
4631
9596
389
10633
11113
11312
3782
8666
9794
6902
251
5906
1979
1373
5919
6607
1795
11747
7343
8044
407
7436
7108
5532
2337
8090
10997
7199
11519
10413
6890
5470
6988
1021
10790
5029
4560
3405
2997
4798
9180
5943
11158
3688
9904
5972
2835
10808
8838
9937
667
10184
5904
2464
5433
10805
7419
3905
10421
71
11407
7316
1016
9746
4277
283
11741
4559
5913
3069
5530
5726
10139
1674
9262
9049
1591
605
11367
5274
8032
6369
6770
6036
8519
4159
6814
3677
3268
6431
1399
6762
2769
10456
11007
3836
996
7200
457
6838
3254
6587
10539
11504
7011
10758
8950
10298
2574
2174
2391
7143
2027
5270
10499
3584
5261
6094
531
3594
4576
6316
11387
4374
9412
1129
3357
10718
9422
4724
11003
11231
7434
9458
1484
7847
3885
10988
1046
2300
779
7288
5416
3838
8863
7231
941
10776
4091
8907
7230
11020
3024
10463
8062
8210
6952
3889
8522
9210
5879
6845
9124
4043
6053
1833
620
4274
10258
2178
8816
10511
3098
2556
11548
10752
756
3679
9442
4035
9559
7075
10510
1212
10325
2584
6725
6224
672
1868
11956
5507
8702
7608
253
9187
3127
2241
4458
7784
7082
6759
781
3940
8243
91
4881
9640
9208
2025
4682
4162
1140
8226
285
4750
6378
8757
10734
5189
11827
3770
1800
1042
10109
8220
9379
6270
2133
931
10810
10591
1675
10532
10049
4291
548
7575
6666
4790
1166
7555
11001
6733
6575
2615
6605
10373
1171
948
4851
9345
1966
2199
4221
11334
5395
3288
4809
9799
10429
724
7477
1491
2631
6126
7012
4897
2761
7573
4711
1654
494
9155
4550
4048
5917
8439
701
8143
115
5414
1406
545
10822
6633
6512
5062
1497
3079
8973
8695
7804
5400
4500
9775
9508
10170
11394
3085
7749
8770
9389
459
11983
5615
10022
7665
7135
951
1620
10736
2904
1692
8322
7670
3704
378
10733
3804
6331
5056
7071
5798
7927
9264
350
10783
179
7994
3607
8917
498
2807
7314
8450
3281
93
7252
9751
4375
6198
11923
5367
1914
6357
7833
8130
11124
7850
5566
3769
9615
7242
11798
45
7720
8479
2846
3729
946
1232
3485
1422
6581
5994
7285
6818
7786
3313
8264
1727
3662
2346
9117
6723
8910
6448
6408
3700
1505
11406
5238
1337
4513
4495
1002
5500
6912
1916
5604
5255
11333
11623
3383
6472
10944
2978
10712
1206
2448
10094
2204
11925
7429
2442
6329
2483
5617
2886
4433
10370
4158
1632
2785
1271
7139
10699
8190
4202
4738
10647
1712
1879
1537
8794
4510
6484
3220
5381
11646
196
9067
10172
7086
2875
11133
1004
11514
5802
4766
1311
127
10606
5067
8310
6246
10771
10556
10674
3498
9558
3334
2486
4946
7435
4092
2564
4616
10986
9301
6221
5453
11720
3350
2657
11418
4975
4578
1105
11986
5232
5662
8081
7841
7985
3453
11753
3640
1210
9087
7107
2471
10967
9037
8458
10062
2349
9642
6629
10311
1393
10306
2576
10478
7919
1262
9166
8497
2947
10252
2239
2423
10284
10816
6734
3472
3761
6580
5718
11855
4958
6728
3556
6049
4487
2386
8766
2747
4821
11136
10292
11949
1432
5472
11081
11362
5428
3379
4269
4842
5251
7202
6178
6401
7005
10815
3852
6898
10304
4316
1157
5694
11812
11030
943
1995
4585
4829
9481
8398
204
7302
98
8598
8386
1242
10957
7997
8474
3616
3212
4346
4098
5569
4623
7855
6289
10006
8900
3163
8874
1371
8729
793
7777
1110
11994
9888
11677
1609
11171
9279
2976
3449
1817
9339
7739
74
11260
7091
3922
11320
11237
767
8416
1024
1338
3516
7165
2104
8773
8905
6197
964
3780
5397
7747
3853
11824
9773
9578
4212
6810
9826
7819
8376
7176
6554
597
5609
476
1732
9252
2115
2213
1617
840
2478
8979
11880
10870
11534
5357
6389
3600
9394
5258
10285
4440
6263
8531
4758
1487
9617
5941
5982
140
2610
351
3361
10692
2267
8231
3799
4928
2003
2794
10922
3546
837
10970
8630
10905
9026
11866
3966
1007
10171
1255
647
7972
3412
836
7424
7969
3858
9050
319
6195
848
8587
4447
10964
9415
4392
3283
6455
8935
3976
1104
4171
3062
1443
11595
3739
7810
7771
5590
2919
665
10177
909
2343
6610
7398
4924
1829
6295
7849
1256
2915
2963
4808
5331
9784
4378
11248
265
6881
4180
6688
11339
2165
11222
11403
5606
10253
4011
8561
2022
450
4812
5618
8133
7385
1279
8643
1375
11975
8009
3134
1136
3301
11528
3551
5413
4938
7334
5523
10916
11685
669
5399
10775
7389
6020
3438
5097
706
8471
232
246
1213
8847
10597
10343
5475
9834
1301
8724
1538
4451
1823
7103
7961
8402
5074
1679
4618
7538
4644
7937
10086
10880
4759
4525
7892
10039
10566
10569
625
11909
2814
4170
5168
6739
10678
11821
1288
7541
3925
8578
9083
9182
3842
10333
1500
1489
3155
2812
2264
9105
5405
9941
4885
10945
11733
1269
1756
8571
2498
1259
367
10282
7290
1335
11458
9095
7451
8445
11612
3110
5829
6979
5591
33
7467
7965
8700
7725
7142
2660
4306
9723
7882
7848
7257
9134
9790
3441
7695
11402
7136
11047
11148
8865
10739
6693
4665
8234
806
4066
6795
11724
7383
11684
10657
118
3751
141
8094
4347
1495
9995
547
8409
43
579
9376
2347
10140
599
6187
8943
6081
1293
9932
4826
1758
5800
4266
11015
8506
9499
4586
984
7658
6513
5975
11762
2429
2078
2205
3076
3015
3886
2686
2725
5495
1440
5389
1751
2932
9644
5944
11014
8147
3559
5444
8366
5045
6061
6253
11982
9965
8063
542
11579
8562
11872
11393
7413
163
8853
10514
11730
7147
9880
3512
5676
510
1118
479
562
8067
3436
5287
1825
9743
1473
11889
4530
8682
8323
4548
1969
5754
