3822
6008
2411
5586
3701
1715
1257
2878
1363
6301
11870
1924
1108
10601
10417
8859
10783
6873
5085
462
3459
2753
10505
6469
9422
8500
9659
2477
8947
8029
1514
2362
1689
2446
9277
7338
4848
5726
3871
6389
8384
517
8308
3631
3782
4239
230
7032
10752
11684
623
4489
7646
1339
2602
10790
9998
4622
2755
6188
2752
10609
9569
6242
9121
8124
4841
1427
1736
9980
11596
6148
10286
3844
8822
11545
11082
11725
7775
9289
5403
9684
1801
1790
6763
4384
8664
10018
10542
5089
8039
7584
11972
2644
4675
2541
7686
2988
9734
3870
5778
9942
7021
76
11085
3048
10126
5144
6977
7313
5396
7580
10596
7788
225
1410
233
10649
9583
10547
4692
10780
5974
3846
1052
2928
9572
7453
4772
1178
5793
4162
292
7426
9713
3483
3203
7439
6819
7636
11129
3027
7859
6335
9247
6076
5486
7012
11818
8797
1085
2547
1352
8176
10987
6343
10605
5473
8582
11984
4549
4006
4907
6124
5098
8864
8102
2464
1586
5468
1557
7084
7854
3587
540
8299
536
713
4819
11558
8649
9316
4608
1119
1754
3399
9078
10792
4537
10871
6420
10365
2414
1347
4054
6515
7888
6646
1244
9587
1969
2246
8092
6537
2212
6441
11912
10989
6813
4770
4082
8963
4521
6969
11034
1167
6906
4397
4603
8276
4541
9618
8393
10440
1017
6169
10215
5527
1998
9877
10847
39
6784
6034
7902
983
1767
11850
7092
9503
3077
929
3249
11875
7321
10043
4717
1139
11563
9223
11555
856
4963
6556
661
8339
7190
5196
10809
9671
10055
3140
6715
5521
8328
2748
10524
6559
850
3442
4032
11602
5053
7374
1696
10219
8057
7910
5217
7836
7433
6836
10606
7993
1491
9491
7359
10686
9010
2479
696
5297
10315
11632
4566
3707
11636
5880
5707
5588
6146
6371
4372
8606
11692
4497
5712
5293
906
1039
2221
2302
3768
924
1020
1455
9145
7705
847
3875
6206
1818
10962
1693
9733
389
8244
4177
9318
3015
8391
1667
8931
306
11771
6141
5713
5869
424
11747
4597
1082
8973
8365
5798
1791
7283
6312
7602
10671
8402
1863
4305
3044
1192
846
8740
84
2784
5244
1419
10130
6250
5617
10887
2386
4249
10026
8586
9064
269
1312
5723
10631
3045
4352
2818
4005
5986
6571
1369
10260
6006
4091
11108
5203
4414
5765
11024
4684
5353
324
2531
3961
9870
9030
7764
1274
9488
10203
8742
7828
11160
2959
4493
10179
3839
8326
2238
2419
1741
1694
29
3610
1006
1107
7276
7139
3315
1434
823
2842
1021
3584
1505
5252
4310
7637
11519
11427
1383
2588
5598
1984
10820
1820
6558
6226
10357
285
1226
2984
6533
7642
4152
629
6223
3081
1342
11744
3885
6419
4035
8335
11327
485
7047
2542
5581
7750
10651
2337
5760
9392
3033
883
1446
1384
11052
7556
2462
5651
6879
9715
10684
8488
5979
11441
8755
4558
2725
9022
11014
9759
1271
6130
3869
6415
11324
4723
1769
2234
7667
5965
2757
3437
2138
1614
9211
5048
693
6065
11859
2120
3597
7093
1100
7484
6037
11126
2309
4590
6514
9385
6199
10035
501
3588
11677
2969
10070
3847
1660
5458
181
10424
4657
8378
6937
4636
1928
7934
3101
5308
5393
7127
11477
8266
8810
2593
2729
10166
7868
8828
3696
3222
3718
900
8855
6681
2369
7558
8424
1457
301
5779
2350
2669
8129
2381
1959
2857
950
9744
6536
1872
4786
8223
4807
8227
1218
6897
769
1795
6910
11308
938
9399
4858
6724
7178
2254
4242
10042
9972
2478
10016
7176
8779
4891
5741
5105
5804
6232
8076
8607
11924
10300
4737
9374
5948
4375
7627
8235
2098
8718
1737
1353
3522
5377
2022
1204
8754
6986
9139
9321
5917
634
7458
1337
2695
7108
4788
4078
1093
7300
1994
2198
3480
9334
7546
3918
10501
774
8478
2603
10047
1256
4530
9963
2483
2825
2498
10438
480
8675
2974
10156
3849
11550
8375
6511
511
2240
7988
11351
8319
5837
1128
8455
186
450
2158
4238
1028
10751
6059
10670
10750
9510
9120
1517
3486
13
11901
1019
7446
10451
7432
5644
726
7534
7451
8221
4446
9866
3332
2349
8662
1429
3476
9933
9275
11915
5968
2024
10115
9156
8239
3023
11495
7118
8131
6777
3946
11402
4852
599
2360
8312
2035
3794
6442
605
3201
9742
8792
10433
11253
3662
4601
3492
10564
4822
4312
362
7371
126
3325
4233
10328
1338
9477
4351
63
7256
8236
3313
9074
2848
7298
242
7783
6018
5171
6946
11633
9976
7046
1387
3300
11272
1937
8713
9502
2472
10004
8659
9662
7017
4428
9536
11524
1904
4283
5645
6485
5195
7112
8304
9595
8874
8202
2466
2509
3100
526
1905
1732
2712
6163
10402
5438
8952
4199
2267
7189
235
5832
10401
3053
3728
6289
4990
10021
9448
11724
11561
5445
8451
7581
6583
1939
4273
7729
8941
6437
6263
11766
1688
4618
11579
10974
1266
10991
2730
685
6936
9867
6181
9907
9712
2126
10422
10562
11808
11409
6011
8421
6921
1468
8703
1913
1649
10361
2788
4863
4356
11318
3539
6439
1005
8946
2399
9831
8529
4568
337
837
984
6398
6092
4068
1848
3922
3238
6122
260
6568
9119
7165
11864
10343
522
4982
817
10460
4625
11073
1184
2298
3319
8463
1546
2601
6964
10554
11338
10556
1549
1277
7605
10228
4394
7745
6397
8559
9685
7897
2764
3837
9506
342
6132
4043
6315
6038
8295
11118
1024
674
3906
8415
9677
7020
6426
68
8348
1631
1661
5742
3168
10476
3497
11595
3046
722
7663
3978
6759
483
3529
5440
11483
10997
3093
5539
3840
4286
2824
6304
1809
3254
3600
6248
1638
304
6012
11404
4060
10942
9830
2203
1548
3013
2737
6902
11465
2010
4228
7920
6850
7071
11363
28
4823
3301
760
8322
6219
1929
9442
4519
3504
6451
11748
9114
9806
2113
2793
7880
7336
4017
7035
6110
7794
6471
4624
1527
11023
5334
6327
5823
818
11988
2282
6791
11869
4388
10374
11780
8185
231
7100
10685
8520
2159
8132
6985
4
1096
1378
9315
9965
1621
510
11355
6981
5140
3538
5433
1156
6090
10595
816
344
1851
10498
1496
11379
6971
10930
1175
9128
7989
5466
6636
8252
767
5350
10272
787
7493
2205
3098
4148
1923
1786
11305
8257
8017
10048
2051
6243
8712
10795
546
3107
7175
7954
6492
1544
9530
10891
8847
2667
10900
9003
4090
9778
4123
1003
1516
6135
4588
1012
6353
1404
7958
2342
6633
751
11645
48
4922
10966
10162
912
1016
1327
10234
3129
6830
11343
4965
2314
6029
9481
6267
6638
8921
8073
2397
5478
8056
5883
2968
320
8876
11709
5825
7036
2750
8978
2232
6225
403
7487
2487
10581
1350
1746
11739
2645
3248
11163
9116
5066
2001
6416
1774
553
2484
6127
9386
7393
5679
7450
1978
5721
1651
4605
1760
350
7301
10351
9635
4498
6084
10192
4319
363
7666
8821
10052
8374
8693
9934
8619
6241
6010
9676
10705
8730
3241
11945
4936
2664
5152
659
270
4821
7405
7877
3105
5725
8772
9577
4040
5272
6868
9969
9788
6670
4383
10274
9977
2672
4979
549
4326
1865
4666
5289
4240
3427
466
1963
1807
9568
10267
10163
11978
5023
4620
8480
11611
3089
1091
11648
7675
858
9266
7250
5526
3233
418
968
562
5176
6573
1816
3333
5083
10785
3547
9072
8298
3833
9098
7525
1975
10355
8486
3565
7984
3343
9842
5158
11107
9224
375
1075
268
8370
11622
4504
3660
2039
1833
9089
10977
1931
7821
7290
11672
1899
1935
11786
335
8429
6172
2048
9804
2007
6155
1044
5756
3149
4363
8414
2562
7373
2144
4765
956
3457
7024
8209
9328
7844
8078
3078
1947
1817
10803
11962
7969
464
9764
4374
4508
5892
6332
10988
11385
434
3049
5097
1242
1420
5963
5408
3949
6882
784
5562
7631
8021
11281
8005
3103
1563
2921
538
10049
21
2703
8197
6468
9896
9461
2403
10841
11323
9881
4877
11631
11518
264
7895
8581
8553
3956
1541
4610
3102
9235
5567
11387
201
3672
9623
8163
5046
11971
3959
7673
10170
9556
149
5752
9443
7327
11400
1261
657
8652
1503
9350
3692
3110
5849
8038
2476
2467
6201
8751
897
8878
5709
799
9308
7091
5012
3786
805
11103
859
907
6610
6496
6470
6150
3328
10469
3240
1053
873
11991
10986
10486
4750
79
7668
5824
4297
2594
8604
224
4755
370
7599
8895
9344
4799
7978
1806
7769
1526
10378
731
7557
2394
8746
2395
10922
7434
4095
7168
1002
4993
10799
4031
3121
10638
2339
1055
9452
8349
3202
6428
1296
11809
5660
1850
1783
9136
11918
8634
4166
11234
4377
10929
1677
7500
2450
6246
670
11025
2846
9439
9558
7514
7375
9354
6364
1246
768
504
6576
1105
409
1706
371
8595
1886
3171
8219
11186
10303
7056
2083
7398
8533
9561
10397
11853
9869
7723
11283
6456
1367
1371
11955
6481
8994
1861
5206
10032
6073
11009
11954
10250
9771
10448
6887
5893
5038
4826
9935
8484
7396
9540
156
6024
11453
2103
9632
1502
4609
7943
11515
9295
3174
4299
8949
11271
10753
4386
6618
844
2971
1890
9949
1412
6326
5302
6503
9565
1298
3200
9608
4781
8920
9146
7793
6778
8918
507
673
438
5512
1485
8858
11448
2255
5487
5451
6984
6672
2674
496
6535
3469
2721
2917
7317
1755
7357
451
11
9314
7505
5674
8074
3865
7066
9032
5347
638
8318
3954
1038
4889
11599
753
6526
5332
8109
83
3000
7360
4496
10171
6738
3273
7216
7350
1697
1843
11736
4635
1876
5558
5475
2896
2745
302
4655
772
4567
2803
4116
6283
8734
11512
2278
5728
4259
2115
2982
3396
2245
6377
5791
4998
1391
11037
5499
7280
7116
11149
1123
2029
6798
2286
24
7351
11795
6252
4832
10673
1775
2117
5354
9724
11753
11187
3324
692
771
10131
3589
4052
8355
7268
8255
11994
4367
96
7765
4016
11474
8594
6042
2216
11533
6268
8211
1796
5972
8901
1253
11256
2485
8726
4682
6023
6043
6323
1181
3550
6852
6015
9718
3902
11641
6592
7887
4419
3764
7506
9552
10817
4135
5411
8631
5452
325
2800
4364
11145
11621
10808
1418
6800
11104
4062
107
7126
5597
4559
137
10189
7771
9361
2655
3829
11863
10429
2880
5132
8851
11473
10224
999
734
2854
11168
3947
5069
7322
7319
2707
9537
4122
598
390
2225
5582
9822
8705
2985
9586
7186
1827
7737
4831
849
9108
11627
3363
8483
5877
9773
1771
3126
4869
5146
8067
7469
8661
2734
4780
7916
7612
7245
1628
2760
789
4360
9305
1364
5221
4382
3656
1980
5978
6277
5583
8317
10082
5599
4674
6395
1443
6677
8177
608
9456
1512
5612
4133
8352
226
10266
11255
9238
2074
4415
3344
10634
10097
2026
5416
2157
8448
11311
387
2385
9652
9924
8363
372
4503
1449
10934
2894
9475
7043
5060
1993
9195
9090
4748
2519
8168
1700
7548
8118
7185
5921
8423
10093
10247
429
2609
8277
6158
1013
1650
5664
2978
7014
863
1751
3229
11207
7741
9182
9856
7028
9229
5395
6036
4401
2380
3866
8053
11919
10771
9109
9256
8241
5945
7310
2821
9152
4754
9438
3950
3688
9513
11523
1895
7474
4034
776
8418
11837
2020
10249
9243
8748
1605
10027
1831
8883
347
1629
6213
4369
2236
2181
6810
1396
5772
11847
4337
4959
9415
7305
9005
3649
8205
4827
4697
1597
2899
10881
5495
9112
9337
10565
8051
6966
3962
443
11801
11062
10937
3888
2242
7767
832
2463
796
2121
8747
7241
6401
470
6564
8434
10119
2989
5744
8106
2722
3028
11173
5933
10951
9678
1084
559
9434
2662
5840
1306
3882
10404
11535
3523
1037
7850
5399
6328
10399
6996
5070
4973
3224
2292
10073
10479
9674
9508
869
10323
8398
10928
3350
8084
991
11767
7752
10657
1719
8944
3170
3338
2891
3041
7521
11268
5538
5465
10717
5568
229
4933
2471
5563
11738
4480
6211
5491
22
5000
8164
6531
5912
3022
11332
10960
8762
2135
2247
1971
6365
1792
6174
4146
1543
5184
7257
3455
547
3185
9749
8965
82
9027
1699
3627
10197
931
1349
9404
7316
10982
10467
4331
1988
11917
4047
3617
8677
9959
3730
6466
11434
11489
8052
1225
8090
330
6306
3494
6864
3060
3329
8494
3148
11360
10334
7782
3296
10201
4619
4887
3138
6806
11027
9207
3635
9042
5958
7103
602
9066
2458
7990
9197
9496
2107
11462
4715
11721
1395
2285
7464
2147
5626
5376
1231
10485
5231
5815
7948
6022
11540
3673
10325
6871
4165
9912
9872
7549
10295
5374
8523
1380
9649
8924
1115
2392
9362
11393
2263
8802
5449
899
11998
727
9398
6317
9352
6640
7081
7383
775
2017
5163
3034
4466
6580
7330
5970
11022
8183
11090
6826
7616
6408
664
6690
4539
1853
6995
11069
2716
2966
4773
1634
11298
4606
643
9347
5689
2251
1815
2771
11270
5638
9812
4327
1305
10167
7099
6266
5365
7770
8725
1708
7930
8009
2228
3417
537
7804
6171
9133
3030
5115
169
6400
645
10074
10470
2574
7594
5328
1620
581
212
8123
5362
3984
1258
11787
8602
7333
11467
11228
2328
6885
7843
4554
6949
7540
1255
1882
6679
6284
10667
3289
9498
5047
5615
4412
7274
9832
10056
7106
5669
9169
3900
4580
11572
2884
9679
6665
5781
7264
355
11429
5507
10383
4318
5572
2766
95
6961
5670
5406
8306
1798
8692
482
7128
7574
2208
6095
709
10640
11050
6600
6931
3007
5885
881
10626
3303
2085
3867
9343
8474
9401
4403
7431
2511
8431
7193
10541
1678
7001
1465
2553
10415
8189
8392
5218
4986
11714
31
3116
5034
9095
5178
4853
8907
9566
4128
10069
11096
11708
1566
10560
10010
3838
4474
3302
6701
4867
7701
3071
10797
5490
1069
8425
9240
6774
9453
11003
8307
8161
7059
1577
6753
9539
9233
8100
2291
3153
3983
6322
4088
4045
163
4767
5694
3969
7896
77
729
2025
3206
11681
6614
6755
2068
5814
441
7064
8834
10909
2724
5682
8577
11536
8561
11947
1152
5001
10180
663
4719
2075
6544
7814
2538
4104
1731
5006
6579
2375
9281
9954
9580
5014
7759
1113
1555
4565
1529
1307
8982
6801
10896
312
7117
3823
4490
6555
10760
9193
687
383
8663
8778
6548
10475
9721
1407
10734
7871
6905
2953
3323
9409
2976
10478
6487
11848
2614
7223
8376
280
11056
4126
481
5313
9758
5004
11931
7923
4886
2215
2955
3751
7068
9818
5977
1593
9062
3428
986
10650
1413
8070
2372
7002
5349
1802
528
543
1625
8993
5879
516
7422
9342
7659
9551
8910
10471
10002
11105
7797
4970
9871
10939
6480
7261
10668
4742
3893
5065
10061
10436
9333
6904
9104
7147
11603
2079
5763
9282
3354
8442
723
8897
7191
5482
7725
3441
2832
8064
9795
8524
1835
10494
11208
3826
6883
1533
10678
5866
7774
3061
6762
11180
926
2715
6699
7720
6452
2123
9192
6507
10546
7933
2449
11768
8852
9201
8406
4695
922
8620
2635
6491
9086
5827
11682
7212
917
3953
25
3558
9033
7827
11247
5117
7986
1713
2244
2963
3237
11521
9835
4644
4353
9102
10775
11666
9750
5079
3704
6660
5906
6574
6126
11201
113
8440
6473
2675
3567
11286
1186
2977
8948
11020
9814
374
9187
10577
5464
1944
7980
6495
6522
8491
6184
7762
240
6790
5008
913
2539
1448
757
5024
2634
5571
5301
11534
3521
1632
6087
2426
6207
7365
2961
1578
1752
6760
10591
10301
739
5166
11710
6695
11646
1524
1627
3671
9885
1381
3602
8438
575
10586
3651
277
9850
5959
11691
5422
7169
5108
2393
8535
7507
2998
7963
234
11340
4289
2290
9191
5630
4137
1126
5084
8035
7417
3935
4171
7785
914
5262
10196
3941
6750
2525
7926
852
6601
8645
1000
7095
10290
6360
11239
7742
1340
9714
10389
10354
6300
7061
8160
8954
8775
4991
1764
10621
4266
5379
11757
11458
9371
10706
5528
2804
3472
7320
3377
7537
6960
2630
4629
11478
6204
3995
875
2063
11225
1191
3359
10137
7758
259
404
1425
10338
10702
8134
6369
3327
6363
123
577
10976
6989
10103
5987
2865
8597
4391
9859
6271
6354
7101
3265
10125
11494
2058
10457
10287
8147
1361
8966
3005
10848
198
4995
1158
4378
8689
7129
1435
8714
9880
1073
10616
5200
544
2262
5340
7197
8912
491
9574
4343
7227
1785
11064
11095
10284
5237
3533
10453
2888
11877
3684
5168
3163
11704
9858
1672
1756
4021
4469
10536
11552
4529
2243
8543
7472
8046
7027
5685
4081
10306
668
11821
2422
3746
6486
8062
7624
7145
6433
4015
4409
11830
1873
8711
7834
10855
4836
4120
2383
5018
6409
3590
3653
9549
566
1331
5210
4894
4499
10434
5424
5932
6295
11190
3604
486
11598
147
1086
3155
5657
9883
232
9151
9647
4820
6538
9920
8795
4937
6624
6653
5137
11665
11319
2503
8315
666
4710
6251
9790
6955
4488
8226
6256
3939
7845
100
11656
18
3477
1892
1289
4280
7172
377
3785
9736
8750
1356
11376
11053
8968
10316
11770
4147
8971
11761
6236
1981
1056
4073
4686
6119
5595
5870
6771
5281
853
10364
3818
5753
3576
10612
2901
915
10659
11712
4958
7213
3127
3664
10458
4709
2439
9554
7582
3932
9772
2611
8022
2658
4623
4252
6273
11198
7724
5194
10818
5027
10514
8731
6994
8454
11381
8158
6265
9
6578
4616
3541
10665
1523
5479
6547
7478
9686
9348
1726
3188
8686
11211
11891
8224
8739
7906
8364
8612
6678
5128
7900
3439
3540
9427
4668
10175
10477
3352
5786
9168
1011
4075
5307
5276
5754
965
8449
6602
6368
2783
11097
8514
652
5223
10252
9336
1894
7361
5266
5864
2628
1042
6257
1054
2310
9299
3178
6149
1248
132
5602
5915
3714
4966
2945
1646
7381
5577
5076
8922
3605
2348
2069
7790
11577
9294
11112
3165
689
2791
4200
7097
7712
9410
4355
3104
7134
7136
614
6129
9521
5402
178
2913
4010
649
11698
192
1663
3449
5358
4138
6924
7977
11967
9368
10118
3836
10488
10689
5345
1365
4365
8077
10954
6540
8408
11218
468
11012
4430
9915
11547
5606
3275
811
1399
3647
11354
4236
10349
2363
9097
6234
5998
2199
10834
6908
5633
11459
9470
3119
5943
11493
8541
10898
9446
469
6017
398
6168
11832
9793
7485
11299
8961
10452
1068
7515
530
5850
1295
1134
1045
7962
11151
9031
7229
7812
1344
265
4573
6461
11784
4509
4220
792
8685
2740
10945
4940
6686
11075
9621
8987
3899
4022
2423
4536
6657
7656
2489
671
6134
10360
1999
10380
9975
8668
9017
8061
5797
5112
7632
4275
490
9509
9952
455
5188
3320
2171
5916
11066
2937
9801
4749
3262
9432
1183
10299
4955
11840
2782
3620
11537
1483
4098
11443
1370
11575
1702
3218
7736
7535
1135
7177
7730
3390
4454
8789
1824
5802
7870
5677
11642
417
2440
5570
4223
1493
6114
1122
5816
3616
10812
7544
5700
9808
2027
5928
11067
10572
353
7728
1560
10654
11702
10087
9257
9601
2677
7777
1
594
7851
8412
1898
10709
11657
7578
7233
7690
8956
654
7141
2627
6276
2294
2021
7607
8517
7744
7976
11175
11042
10344
4945
11029
8314
7929
6346
5575
3675
5529
3884
6196
5151
2014
3331
7430
10718
5719
1284
4883
11144
1114
11068
1828
4944
2318
11310
7435
329
2559
1884
1302
5077
8071
2376
7722
8618
11676
121
276
556
5413
4347
11152
2849
8040
10294
134
2718
10959
4872
5608
6356
839
1229
2180
3125
204
10864
9755
4551
6957
4108
4301
3909
5254
9408
3278
9021
11169
4441
6007
3361
3566
97
10890
7572
5009
934
5704
11640
4155
6238
3573
9614
2993
7402
11509
1709
249
5533
10522
8242
7076
11084
4390
2335
11720
4429
2009
8201
3981
3055
6545
11910
8722
11292
2576
9099
9722
9137
9664
6900
9174
1168
4828
10699
2258
9402
6388
10178
7801
11028
4127
4291
11827
9957
10936
1048
957
11030
3341
1925
1101
2143
2797
10584
8487
1778
8555
410
6339
11881
4212
4065
2013
11613
7718
10958
6510
6608
9202
9979
2153
11440
8447
7529
1250
8015
8622
10225
10814
4501
5359
10181
8120
9167
2623
9040
2711
8482
9164
8263
7811
5099
2581
3894
6733
6278
3216
5703
3830
898
5315
6102
10910
5282
3120
10995
2620
2060
6060
10815
882
4298
6070
6740
10850
7390
7576
1768
735
742
9848
7307
9970
9460
11842
6643
6785
4842
8217
2806
10063
3194
904
11929
3879
3464
9045
6189
6920
7188
5215
2062
9553
3280
531
5381
4338
4139
10487
2596
4321
1094
5665
3252
6413
1995
6758
4404
5549
10029
1758
6101
7362
977
6202
251
3258
3715
6772
3453
11846
5489
7089
8513
279
3796
11779
630
8112
1497
5101
6944
408
436
8977
763
4485
2367
7905
11680
4193
10182
5212
8027
9458
6518
8422
6967
467
1314
1589
296
11373
1889
2486
7209
1849
10050
4540
11701
10915
8166
9626
4400
9538
7979
11583
1275
9437
11396
11475
9923
9157
637
9776
10836
6954
7153
215
9691
11504
218
6000
5324
4647
529
11408
2653
1772
11851
3488
10123
1400
3951
8260
2406
11433
308
7904
5801
2053
1076
6541
3845
10568
5738
8914
570
10819
7050
2510
11957
10732
3561
1368
653
2532
4702
6279
3778
1532
9217
431
777
7011
8311
4106
3371
4908
2210
3191
11674
11630
8729
8888
4132
8042
309
6565
3092
1345
2105
8846
1519
5363
8302
8405
2148
9150
8111
1906
627
7335
9525
6290
3411
8419
6082
11439
814
10371
9115
6832
5425
3920
4344
367
2045
2626
164
9080
11873
4921
10726
919
5049
8621
11217
10416
10999
9478
5508
3269
2261
11106
6765
3552
8468
7644
1171
7876
10592
10370
5149
1487
7325
3622
11841
10098
3099
5255
9065
391
7436
8766
7214
2405
10264
935
10472
3421
1974
4720
5975
3183
5817
7220
7391
4399
8356
7619
5846
4176
5283
7710
3096
4495
6903
7832
9311
9929
710
7861
737
10321
1537
6525
11166
1154
2590
4087
2377
3717
3613
10948
10566
1494
2293
9050
6567
11088
8300
8380
53
10869
7382
3819
8865
6297
11539
187
5993
7927
4727
8323
2679
4713
4215
6313
317
2055
11150
7429
6025
5153
7577
2622
5372
6340
10359
7579
10672
11432
59
5729
4971
9774
9585
8616
11336
7406
11950
9518
10473
1228
8121
7419
11322
812
4996
1811
1788
3936
7823
4854
3876
8534
7860
2131
6085
5229
3820
8644
1047
9950
8676
2361
10607
1208
3903
1472
5124
6627
6228
9482
5593
7042
11705
1644
7791
6517
4251
1834
4679
5264
6927
8807
7369
7531
7615
8630
7881
4833
1556
9591
1270
6562
10517
5673
2696
11914
3609
5026
8178
2819
2453
9221
5122
10944
7105
3505
6729
11326
11614
11356
8590
4440
3534
829
9596
4671
8136
11153
11051
7862
10293
3227
9782
10331
365
10015
11746
5305
8900
463
4798
9471
3260
6607
1322
7749
4432
2798
4888
4225
3468
7275
5306
10348
4237
2052
5938
9389
4416
1264
6756
5634
6185
3192
4080
4704
106
8854
4851
5858
11488
81
9841
2470
11422
1313
4985
3733
7133
4791
2345
8571
11831
8019
200
11265
1652
8371
1579
2905
7217
8558
5173
7203
8528
541
8563
3815
5991
1883
8481
10656
8303
9206
6483
9436
10183
1046
502
2031
11251
9178
8819
6109
8088
6078
7082
5947
430
1477
8877
8727
1495
3143
4182
11731
11517
10257
6675
955
2983
7142
1324
7966
2688
9609
3412
2877
4630
1562
8316
2430
11200
8503
10983
1077
5330
9391
2684
10594
2548
10883
6123
460
8286
5654
7899
6482
6193
2779
8383
4776
8437
5447
7819
9955
5774
1506
4023
7235
2663
815
948
9073
2637
11718
7440
5113
2368
5605
9921
9160
6736
1106
11216
10431
2087
8886
7697
5872
2845
865
2149
1177
3167
810
9497
8696
11538
940
587
8031
3355
1624
1291
8228
11828
6379
988
8150
8200
9687
10746
10738
9966
1911
93
1733
996
4473
4806
3931
10980
9440
2906
683
9855
4895
4669
1830
6380
3636
11197
3154
9567
3264
8198
11745
8093
3009
4445
11420
701
3549
11136
4950
4672
604
9789
12
5944
3720
3291
1223
1481
3378
9069
10597
7699
4180
5367
2565
10468
1170
11797
7377
7932
9335
4984
1930
10143
10707
6209
358
7763
785
10538
2967
891
1565
10932
10022
4451
7727
3056
6314
4420
10109
10548
7784
3790
5777
10669
3929
2012
7009
3440
210
3305
3601
7992
6260
1528
7114
5834
8917
10769
8899
838
1062
7072
7657
7388
11600
11868
3654
9663
1574
9381
2706
9620
8450
9378
6309
3002
6411
2649
6224
9023
11335
1564
5750
4304
6334
2723
7941
10557
5981
3316
691
2813
10241
6595
8544
11031
7820
2
5999
494
11277
5518
4825
704
3018
9107
1087
2023
8145
6939
5361
2915
6532
5545
1738
3933
8521
3463
3204
1482
703
11888
8969
125
11890
1466
10545
5135
8261
8719
6462
10523
2517
3821
5143
4651
2078
8791
8195
1855
4014
9253
9775
1885
8281
8254
1779
9984
6805
5199
6192
2692
3791
3382
1360
6605
11935
10618
4699
6325
6139
9534
1919
7496
7267
4250
10233
10199
4107
5250
41
10261
9455
10964
4576
4181
6837
2050
7855
6780
4586
10407
8788
49
7884
6027
7358
190
5481
6976
432
2665
6156
1598
11949
11224
9761
746
8472
7026
11898
8997
7818
6147
7824
3749
10435
6840
2177
10666
3705
2964
334
1197
8816
5022
7703
11860
5631
3445
4264
9878
11010
9727
10870
6501
8638
4811
7805
118
8331
8359
6764
7252
9036
11382
10107
11628
2631
2536
9661
10146
7947
1462
8210
1092
6948
3678
9973
11635
10961
4892
4482
5239
8473
10585
11580
2957
9271
5739
8584
7150
1716
4698
5418
1476
8670
2595
4231
8904
9304
340
7925
4694
6658
11466
10683
267
7841
10066
7873
4161
7423
9634
8707
9738
3968
1739
5129
5342
11411
4131
5950
3754
3432
9429
11855
3409
8413
8893
11678
595
2796
7559
2540
10791
3075
675
10627
7638
10319
10504
2088
11267
5179
4563
4813
9365
11576
8285
11482
11139
2673
9666
5876
5010
11625
1335
4197
2926
1856
1209
4957
5404
4380
9300
7492
4426
717
11076
4792
1319
7552
336
3466
11616
2030
5661
10894
7206
166
5483
5155
1402
8911
8127
3853
3513
4814
2204
499
3686
6676
2200
10713
2521
11638
4628
7459
5755
2202
6599
9359
4425
10917
633
7738
6118
3336
5278
4125
2681
10409
1643
961
11976
7123
5936
1540
11726
10770
8636
7491
3742
5733
1160
2308
11694
11361
9781
11490
9887
8033
513
10827
2428
3050
7682
8138
9393
930
6933
7442
10796
7337
871
7271
1742
9046
1657
50
5592
4029
7568
6039
8723
555
7204
10412
3006
10194
4741
11941
7878
6707
5780
6440
10418
11662
8940
6324
10529
9395
3365
874
420
508
3220
7353
11395
6291
5299
4968
3972
7266
7184
621
10238
8330
1146
6838
7611
2316
4526
4158
8091
7465
4849
1376
890
7622
6744
6842
6671
10768
6619
5647
7747
7272
8995
245
10141
9144
6930
10590
10009
6877
2287
3024
2495
11179
10971
6120
6490
8647
8866
10214
10437
6344
1004
756
1153
7181
484
5985
9380
11046
2592
8403
5787
10285
10757
828
2986
10788
1332
1604
6752
2433
7518
10280
6005
369
328
6631
1530
8395
5043
7400
4599
9324
11556
3809
373
1112
11953
5796
11293
6611
3353
4282
798
10106
7449
3366
3665
6953
5964
5126
7166
1664
7815
8439
10441
2260
5351
4290
2560
2881
6434
11559
6843
158
7397
11803
8240
8635
1933
8284
4747
5110
11044
7919
7903
7287
9531
6111
3698
3797
9479
7324
2004
7545
5164
11501
7408
492
9770
10956
8749
7561
5727
7495
6914
3198
162
4846
2785
1867
4262
10296
11452
2973
11817
1797
4143
4545
5810
1389
7109
1401
2317
10037
1408
6594
3067
3199
5284
11930
3868
9909
3136
9520
11992
3293
261
3657
6799
1870
10924
10410
6616
6220
7124
4932
10761
8507
5338
10099
7058
7809
3042
11290
4721
5806
10886
1199
5737
7874
5621
6421
5304
3676
7961
11371
6788
399
6708
3429
6928
2621
7281
9154
8753
1765
2494
2351
7590
1267
3383
1180
4557
5808
2812
8518
10491
419
11754
10031
11454
11213
3076
10442
11973
6195
1329
11587
6835
1704
6502
9255
6407
10715
2726
10619
6162
3739
3374
10124
6112
3405
4771
8566
5007
4071
9175
10570
11699
7237
716
7461
5620
2569
3975
5523
23
9908
11772
9938
9425
10923
364
75
11620
5506
4207
9248
1215
4170
3572
3321
4660
124
6305
10339
3004
4144
10204
10643
2162
11902
7734
1163
2189
3781
11226
2187
2960
10177
1431
6013
4997
4117
5067
435
5234
9562
4757
10086
10388
542
1662
11223
5550
7547
4025
4701
7714
9936
8820
11124
6693
783
5123
4243
1600
5990
7937
4941
3436
3295
2237
6935
5603
3491
4376
326
8325
8736
1461
5881
4284
4164
2639
8780
9484
11557
7085
1050
7424
1272
3680
840
1196
8351
6475
5441
10816
6391
8617
6820
9043
3423
2005
1618
1558
582
10499
8573
9490
9034
920
4061
7651
1922
8347
7490
4949
7707
10877
864
11369
7838
2312
3758
9493
662
7982
9996
10985
6909
3021
2370
4797
3807
9163
9428
4575
9864
5646
16
9346
9024
11673
4514
128
2874
11626
7180
8765
11276
11542
3253
2229
6741
6222
6272
11156
9396
1414
4505
3841
10888
6770
9435
786
8066
9906
1852
8280
6089
6031
2283
5226
994
2461
6893
10324
1265
8126
1252
1027
5900
5799
619
5261
4145
9459
3886
4453
2373
7890
6187
2713
6880
5114
461
11588
10723
8087
1282
1842
10873
9529
4839
6781
5291
5107
11688
7528
5036
7756
6560
5749
6870
6045
2732
10302
7499
3358
2322
932
7573
5946
2889
1740
11193
6669
2481
6993
2444
5435
5240
7502
5896
99
730
2152
10269
7523
2872
11514
11503
9384
11330
10239
43
4464
10914
11102
6254
10551
6710
5232
2529
6237
7918
5415
11047
1441
3474
10569
8798
5748
6170
9606
8485
1239
3348
8188
3560
2140
4974
8526
10104
613
6033
7833
3667
3420
8650
2792
5919
4729
10430
6500
1445
4083
10309
518
3911
3859
9948
10719
11934
1065
10832
454
2175
8089
750
1991
10741
11956
3485
7110
3416
10952
8251
1193
2809
2768
3784
4270
923
11192
10347
11505
9981
11063
8793
1617
658
896
894
331
3706
6137
9884
4555
10553
10682
8732
40
8256
5901
9667
1637
6438
10574
5994
7196
7460
3182
10394
7565
647
1074
7148
5875
10217
3207
11605
7090
8377
5890
6719
5455
2390
7299
855
824
9717
6922
10243
298
6153
1026
7262
10582
3144
6821
879
8687
4168
2116
5292
4980
4050
5002
216
9373
4948
5063
8869
660
10701
9817
10291
2413
10882
10774
11238
10965
10623
2178
4631
10088
4650
4738
10081
3151
7684
11235
2447
2741
5172
9237
1927
1125
9143
7536
8760
10857
11398
7803
2164
10165
7013
3813
2546
6436
6217
10113
2061
8975
8443
3394
6702
6390
10277
10320
699
368
1080
9001
6851
8060
10895
11960
10376
1793
9971
6773
8629
9593
9747
8536
1992
11670
8128
11968
1622
11306
9863
3132
11778
9215
3137
2379
4830
6853
3387
6539
8832
2820
2944
797
9179
2847
6040
545
8167
440
9129
9307
7195
6941
2652
2841
2795
9049
3142
9902
8633
7205
7407
10662
5736
3010
6667
3312
1724
7994
188
407
5714
9141
3475
357
8894
6901
11388
10576
6505
4314
9431
1585
9019
2127
9388
6016
10127
10242
7392
9013
1161
4457
4136
11876
7634
1066
9787
11706
1601
9123
3431
2241
1753
7792
3848
10100
7914
9780
9799
6932
732
11358
9353
2814
6499
11061
9564
4201
10804
11619
11057
11171
2226
4111
11952
5241
4455
19
8179
949
6430
10906
4229
743
6057
3234
6179
2530
5841
1403
1569
7022
10003
5133
8269
11227
11470
2908
1309
7931
9037
3682
45
1392
1966
6166
3989
10970
8385
4185
7086
3334
10423
6218
11836
8069
9729
4611
927
8556
4253
1406
348
11659
5298
607
8012
8034
310
2956
741
445
3967
7132
4722
10443
10187
2763
1285
800
8769
6647
5687
3970
11852
3743
11165
9200
5551
6151
5459
2767
9590
10079
1841
10312
2736
7677
393
1090
2303
7654
11987
872
287
7253
11844
820
5716
9898
3458
3451
8808
9184
2193
8350
14
6370
8943
338
8018
10889
1336
9012
1829
7479
9882
11612
5622
10691
6654
4824
5907
1031
9730
9500
5517
9020
7613
3214
2176
2534
8568
9964
8248
8430
2892
4281
4018
6182
11995
4114
3284
2923
1948
1072
4202
3430
1773
9875
144
7503
8247
7289
766
3623
7120
4221
7719
10762
5966
223
2697
2911
7315
5245
1932
7366
9737
11618
765
2223
5524
9449
7922
7425
1891
9641
9783
3703
8420
9011
10745
2279
6412
5997
1061
1164
379
7221
10625
184
8204
4789
6742
10259
10420
11263
6513
2480
2416
3532
7098
506
11981
5829
288
11344
6352
8870
10990
7621
10727
5684
1879
10878
1060
4670
8173
6455
8296
493
10464
5659
6661
8324
6423
1095
6094
9546
207
7681
565
2334
4422
10981
6446
10213
2015
8113
1803
366
8162
4340
1230
10054
9272
3700
609
8785
4398
3288
7928
7367
3059
11099
10519
10593
7542
6444
5594
3339
9953
3519
1961
5190
4172
10884
10800
3215
5789
10825
9135
4740
72
9351
11782
4928
3854
11421
969
8490
4361
7975
2119
11793
5887
8674
4217
6983
9087
1254
104
9068
9947
9028
7981
6768
4522
7038
4218
2504
1057
8885
10822
2076
11135
6829
143
6769
8270
2573
4393
3555
4089
11965
4008
3479
3988
5094
9560
168
7057
8759
5430
2185
2488
9946
7610
10011
11054
4070
10979
1422
2095
4461
580
2790
8416
1321
5073
916
5983
8047
1518
2388
770
11697
744
9111
1064
4214
9699
9465
11623
2708
11337
1103
2606
8002
5952
791
7078
5371
6512
1458
3583
2016
4322
11794
690
2186
4914
11497
442
6621
360
8548
3210
7025
1874
11571
11220
5154
2028
2994
10147
3907
720
8562
4063
1531
6244
5809
5609
2780
11380
2777
4855
8806
1008
3360
2151
588
6348
4053
487
4151
5773
7653
11449
7119
5296
5697
4864
5385
5771
8465
11819
2731
884
8329
9838
3446
9056
6854
1150
4468
3322
11516
8095
5821
9709
7563
5564
7562
5431
5863
2436
416
8407
10237
2615
6911
3346
4947
1151
426
11574
11492
2265
5853
5054
9406
5566
2036
5156
10828
1938
7192
11154
8567
7428
9489
8493
10856
9668
3591
7249
7286
928
9824
9268
10062
6286
2122
4571
8032
2575
6891
4058
3180
4477
4069
8218
11822
2751
2437
861
5573
5942
3881
9584
4523
7949
2904
11829
9607
10789
514
9943
706
3297
10271
9130
9514
5228
7522
3251
972
1723
7967
9834
3187
9505
11130
208
5542
7308
2324
5658
9230
2567
4561
3775
11424
3595
2364
8697
8880
8547
4589
9071
9810
4156
3074
5675
1130
8710
3147
4256
4516
4121
2125
5460
6577
9494
10972
293
9093
4101
8342
11148
5731
11485
9893
5735
10763
9600
11667
11362
1029
8394
11456
1117
2150
11862
6817
10336
8222
6167
6392
3546
7443
2192
5370
2561
5692
11141
10408
10379
5434
2859
1782
10831
2154
5493
870
2551
6720
1469
3999
1049
2515
7094
1251
3408
4560
7733
3179
5139
7721
10353
2141
7346
10728
4731
9697
10057
3661
497
4520
10307
5579
10288
8809
10506
10823
6743
997
7520
2661
4263
5811
3916
9349
8220
7665
9226
8600
2163
3268
1926
3239
5488
3370
5498
11464
7468
8962
3040
2992
8149
7713
8608
11279
6896
7996
8213
7551
7243
1762
6321
933
11592
1133
8140
318
6588
7339
7645
10824
2558
4572
5090
6620
4735
2336
1869
7964
5265
10095
610
11058
8738
11765
740
4204
1670
11114
4103
6427
4673
2299
909
1902
1551
9451
400
1881
8086
8871
3772
2094
8388
6079
415
1972
1846
2366
4216
85
8174
2618
3062
4652
6494
3073
4544
2651
5676
10531
6255
833
1729
9035
10949
1098
6925
138
1447
7003
9061
880
9579
6113
3193
8250
5505
4838
4258
707
1243
6834
1606
9222
11041
4099
116
3111
591
1235
6176
4976
10786
1490
4315
8758
1111
3525
4349
7543
5625
1121
8818
4939
1858
6056
6160
9445
5391
239
4392
2213
11212
8427
8368
171
2949
9524
6737
4000
1616
2300
7648
11551
346
676
8642
6296
11100
835
9405
9917
8400
2580
6063
6761
4834
5463
4896
3020
9199
4577
10893
7000
10305
1498
8237
7471
11804
616
7953
4882
7282
3997
11401
5437
4395
11222
8824
8655
3043
5333
2325
1596
10071
7863
8783
9544
10005
6958
7413
3292
8708
830
11777
1394
5423
6212
7907
9077
8357
11986
10102
1780
4871
5973
11826
3276
4593
7162
4962
5189
266
73
5939
11188
7060
5025
6876
10710
5181
6410
3515
2326
5783
1176
9702
9341
7263
942
943
589
5696
238
11204
4665
992
4804
1287
8297
5055
11242
7650
4775
10007
9364
10492
1136
9140
11916
9252
11455
7649
4535
9101
9983
10688
5280
7715
7629
1787
1613
10223
953
2902
2002
6822
7692
160
4142
8845
10322
7063
10938
9910
4271
10674
5878
2876
4983
4783
1159
8908
5552
6274
1921
3263
5537
10540
5889
2065
1957
3803
4325
9285
10901
9571
11416
11703
4762
11342
5554
11634
11174
8643
11274
10908
11339
11671
7768
3779
6231
9284
10051
2400
4564
5764
8058
8700
4592
6586
11737
6506
10747
2938
4617
7463
3290
8639
10414
6329
908
2059
10813
1071
4547
1536
10112
11959
9688
5536
11500
1914
1727
11341
2332
2719
6338
2781
173
396
1968
10033
4036
4302
9748
8001
5294
458
6372
9015
10644
4596
5121
5699
8436
6478
5596
10157
5150
2591
4102
4876
5600
1838
8466
4761
1213
9895
2003
7404
3944
9598
5045
10276
6867
8671
465
4934
2873
3376
5618
6632
3889
8892
5951
3877
477
3722
7835
5668
333
790
1538
5828
3712
3047
9796
6839
7151
7865
1492
313
533
4320
5995
8036
7909
6041
5790
6712
4026
4906
3087
807
9523
3537
6899
6942
980
2589
6472
5185
532
4435
3531
7386
3335
9763
6484
962
8310
4859
5868
7946
3410
7956
1745
2387
11502
87
1174
4476
8882
10200
2939
6698
11446
3498
6046
3267
606
2482
8860
11121
3349
5833
7008
1233
1962
5519
9286
5897
7389
5303
11506
394
1977
8684
2457
9836
1635
8991
4046
4039
2744
2552
6072
2378
2962
6144
7772
8216
2919
4129
851
7246
5477
4317
5501
5080
7857
8203
4269
3570
11295
1292
7698
10172
7965
8565
2427
631
11838
11288
4093
381
7942
10933
7403
2512
8130
10155
2794
9665
10507
5390
4667
3035
4105
4978
10184
11938
9527
10646
165
2650
2130
1293
8117
6546
4019
11093
1903
4192
1591
669
9640
4790
1950
7070
7508
11637
11374
9815
10543
9366
10635
7438
4222
4595
7111
5766
4224
4276
725
3090
11269
5902
6269
9186
4241
6431
1599
7279
11806
2835
6846
4300
10676
9698
11246
6659
11346
4793
6847
11715
4141
1653
8467
5295
550
161
10390
4732
979
54
4012
4942
3964
5439
395
10830
6464
8049
6342
10680
1471
2443
509
10588
3454
2836
10620
8580
2448
1268
973
7915
5192
0
4092
8587
6117
3235
6299
282
7757
8839
4460
11221
2250
3787
11686
9306
6378
11546
1269
4634
3231
5650
4507
3799
4583
4860
1480
11375
444
8850
8768
159
1185
9901
11593
2006
9103
1943
9735
4801
10256
65
3337
8170
7670
2981
3164
714
323
185
8191
9751
2933
3585
3923
6794
4048
2333
11573
7149
7598
6811
1656
11789
4206
819
10851
64
3615
6287
6656
11668
4911
7524
9131
3317
10720
6718
960
103
6841
2043
7995
8279
9897
2942
3697
9379
5286
7704
4329
862
7372
5954
1542
7476
9258
11856
8030
10110
8752
7817
1747
2914
11469
5337
3172
9760
414
7304
4578
11970
10
3763
5331
10342
10327
705
2855
5219
3036
479
6604
7853
8233
6493
9541
1386
7655
3500
7789
10681
3514
8688
7617
5722
10186
8817
1162
7378
6543
5193
5320
2217
4513
7049
2727
10195
5325
7798
7513
9105
987
3083
3940
9047
8432
10633
2230
5457
11386
6298
4313
8790
8291
11331
8913
7215
11266
9543
294
2220
5344
10030
4057
10521
6572
10953
2657
6575
7334
10202
1278
5623
8340
11921
5547
1920
5209
4964
3832
2313
3528
8344
7609
7830
2420
3551
597
3388
11751
8103
7146
5175
2271
11013
3402
6664
11997
2451
2556
4024
6612
2391
4725
4918
11445
9555
203
4459
5949
3925
1030
1444
10829
3242
8702
5826
3633
6888
1812
708
9845
4346
6497
1081
10391
2441
11001
4115
8382
5925
1794
6913
8008
6808
7445
2930
3161
10120
2371
6508
6554
3418
11481
9903
10235
1936
11936
5666
7480
1260
5134
4227
5251
9006
7311
8680
7131
1837
2568
4796
1669
8873
8184
9994
7601
9411
3811
6714
6303
6121
11690
5988
4885
2132
4714
1800
6504
4663
2338
5560
10080
1460
2943
11896
1249
1735
7726
69
11390
380
6460
4486
7672
8862
3502
7475
3309
316
6261
10698
6467
3990
821
9250
2952
567
1748
5285
8327
6247
11879
2266
7504
11115
10206
7248
4190
4662
10563
834
6934
131
2991
11654
10153
11008
3448
3777
4621
3568
1088
26
8333
1359
2170
7163
6221
7717
7685
7945
9916
10580
8050
9570
9599
4640
8290
7885
10393
189
1499
7344
677
702
295
7029
4418
7349
5641
11302
8588
2209
1120
2587
7218
5042
10366
9469
2735
3563
4407
11178
7244
9563
4633
7054
7743
9927
10835
286
5382
3913
7806
11913
1695
8362
6002
11834
327
4938
10045
905
7273
8231
11906
1707
406
9216
1582
719
3406
2948
4230
4345
10314
8609
9466
9330
7441
8709
5611
8960
1705
10943
10978
4803
7137
1043
10114
9262
1909
8627
11328
10017
2875
8598
1721
11695
4167
2142
7891
2867
47
7839
9701
3737
2233
8935
6622
7355
8079
11882
4471
4795
697
9367
5375
10198
1573
3375
6349
5120
9057
101
3930
8744
2931
10455
1318
5260
2879
5205
7688
4100
1001
8605
6198
4187
102
2543
2990
10603
3482
2861
885
5953
1188
5904
4703
7328
4712
5352
5510
9741
7154
6448
5243
15
5444
7566
6116
2273
9726
8603
10854
11414
1470
5159
3942
9332
2099
10227
6582
9170
4840
3986
5762
3710
804
3897
5405
10725
4153
8669
9433
3128
10907
8346
6384
1179
6366
1379
1127
3652
3094
9376
4935
4157
2072
3966
2678
1459
7183
6641
2256
256
55
6749
11125
7340
9853
7516
10111
7641
5648
11800
9526
452
9468
831
2851
8701
1137
2685
3580
7983
1334
4332
4929
11007
3724
11304
11796
4656
9138
7776
1440
3579
11607
3270
7679
7533
6635
315
9183
10784
3236
11617
11951
2564
9166
9657
2837
5160
7586
1612
9843
5667
3948
174
9029
8446
9390
6917
8003
5681
10744
10008
5165
11752
11982
6734
9765
1110
6997
10279
2357
10036
11814
7006
4817
8770
2056
989
10927
618
3766
9754
4598
4764
5940
6895
2864
3771
8194
4154
3943
11544
11700
3761
11260
9611
7483
2124
7848
9592
4456
4492
10132
10615
4306
7894
4585
7158
2354
11215
6001
6341
6097
3795
5394
10935
2787
4076
5471
3979
5271
7370
5706
11123
2844
3963
4341
10000
8992
5513
2932
9319
9958
1572
4716
584
7376
4342
6258
402
1451
6445
9708
7950
4316
3731
9944
5724
5021
1297
7892
3159
5500
2506
10500
10282
8441
759
3380
11601
3367
5407
10067
10996
8512
8611
10117
5346
5400
1059
3384
2319
5578
2705
2491
1955
3517
5256
4658
1918
8135
877
2442
678
5147
2676
2329
5672
9084
1354
3770
6639
3831
1907
9117
2347
5068
9861
7867
5387
1142
9605
5421
154
4905
6795
2070
8048
7343
3461
554
6803
4931
6080
1211
2709
6425
476
10209
7970
2101
2625
3872
3177
7773
108
4512
11244
10421
3693
4805
1692
3614
194
10329
6918
8735
8259
2746
7173
8470
2636
6648
3721
27
5848
8801
10382
3118
9844
8648
7630
5522
9091
7538
11989
7455
2110
453
9807
3058
8082
5169
9421
3266
4358
135
8875
4925
70
1900
3659
4642
1473
6550
10968
1728
3261
5589
5553
6131
8812
11035
4463
1970
7314
272
2840
4759
8939
4385
3945
6584
4969
7052
4448
1281
2474
4638
10940
10512
157
5269
7384
7174
5905
209
6703
5448
3592
10510
1583
9719
5747
7588
1207
3637
6382
4198
8660
3245
3757
7055
8381
10246
5996
10733
700
2412
4292
910
2429
3985
6048
2008
5436
111
9454
3465
10133
9905
4898
6650
7973
9210
1219
4745
9134
6874
749
1221
8542
397
4405
9430
2104
3117
8527
6689
8141
10377
6963
5319
11391
9846
9669
6186
1415
11280
9913
2129
6214
4696
5442
2195
947
9516
9297
193
5041
3426
6952
1826
4724
2935
3824
635
11071
1288
2765
6856
78
10313
10168
10742
941
3861
8258
4917
2081
6331
4653
5366
11812
299
8011
8156
5635
3630
6862
2566
3460
8146
275
946
2772
2500
8666
1489
6375
9937
576
11109
10395
10446
5757
2549
6634
1500
6387
10304
8552
2869
61
4779
11389
3003
8777
9016
5087
5058
1645
7760
3527
921
1131
11177
5534
10648
6081
3029
7555
10849
3750
2404
3991
352
9535
10456
9624
939
9291
3205
6519
5743
11461
4920
9375
11653
11127
5287
11300
4517
2535
5249
6687
332
10613
5839
601
1063
5856
8155
11652
11205
10736
1681
5343
6713
11790
5248
5198
7564
4769
10639
5432
6915
10617
6075
9705
2438
7077
4261
9293
11378
10737
10245
4718
6860
4794
4816
5323
7401
4042
9180
560
5555
4615
3443
10108
4923
11974
6796
9995
8980
1070
3398
1960
4548
3741
1442
8043
151
8059
3974
8800
11241
4033
1355
1190
6275
10231
8879
145
11807
11026
642
7007
8915
9919
10268
6061
3641
3012
8728
782
9739
10134
8264
8903
3695
437
228
8614
10946
9355
2680
9547
10692
2460
3719
4235
4602
8546
11788
6751
728
4677
10677
3162
5540
4354
9004
4447
4481
1580
8495
6259
2936
7802
1430
2749
11457
2882
8774
3085
9673
11560
8
1475
2838
4194
525
5258
3298
5957
206
11447
6793
8293
2097
2617
11194
6767
1545
3026
3068
11820
7048
694
9922
6140
2344
6828
9265
7410
9085
3571
2682
7530
1956
5020
7866
8787
1952
1273
10281
291
903
6663
4183
857
10766
1781
8579
7687
5064
8041
5230
66
6443
2067
1035
951
80
5683
2632
7354
4733
2418
10622
2248
1730
4843
2417
10330
11932
11120
9462
6975
8717
3213
6373
9457
11428
745
6035
11944
2934
3065
10367
11325
6912
6569
10096
3152
8341
7879
3499
982
4865
11867
3032
6735
3734
5873
5688
7680
7959
6613
2227
10743
3407
8152
1615
620
7160
281
612
7968
9008
4766
3484
11939
5734
11309
3221
10006
9288
5148
4134
7104
3066
11258
11316
5546
11578
5268
5862
5472
8930
8172
3282
7952
6509
6706
9753
1595
773
8444
6345
4119
3814
841
92
5565
9941
9055
172
11195
1259
1951
11472
1535
11006
4726
5926
10190
8737
8080
11928
6066
6782
4421
9794
1916
6280
2268
1534
5805
7179
11131
5610
9786
10240
311
3670
3197
5074
9412
10637
9058
9802
10226
2717
11259
10445
5119
9752
3689
11527
794
3217
2646
4112
8230
2604
7291
2507
7847
5208
1594
9840
7037
10833
9225
2343
250
7592
3708
9176
10089
6721
7421
8557
7329
3039
7088
3091
9613
11364
7473
868
9642
682
4077
2108
8771
10957
8592
1683
11732
9161
5671
6999
2415
413
6875
7222
8796
8456
273
8641
10040
6240
1014
8626
122
3285
4943
10874
1308
7395
9172
2659
241
8945
3783
11532
6766
11110
5037
1099
130
2577
11181
6376
11138
7259
7852
9589
10859
1009
11663
6982
1165
1138
3729
1310
5075
1280
10611
9298
2173
10641
2019
9645
9357
8343
10845
7498
7201
7067
10632
7955
1237
4744
9655
11094
4244
3031
10161
1303
5428
1525
11825
9414
9474
10690
4350
6107
6386
1464
10495
8841
10571
1581
6789
6165
3512
2972
8199
7125
1328
11948
7694
1022
10867
3493
8083
405
585
7284
9313
2890
6892
5100
4333
11147
3760
11005
9707
3287
10381
3842
5509
813
11562
2980
11425
11048
4439
795
4582
4210
10993
1323
7096
9492
9076
7073
5922
1357
2778
9511
9716
8404
5095
9731
9628
2996
4001
202
7938
2071
8519
11122
8986
10802
2264
5157
6381
9301
10758
7625
1147
9420
2886
6292
1987
5690
8508
191
9251
10559
8104
10862
1301
6383
1210
1619
6542
11405
10583
2257
9383
3014
3452
5855
9987
5233
5167
7935
7683
3699
11749
9507
2815
11937
8999
8037
5693
11036
8354
515
1568
3957
4903
3434
9480
9190
167
11783
5861
7285
3883
5288
6067
6628
359
11660
825
2435
9961
3711
8979
4683
8294
7825
2700
2182
761
2146
11763
1333
11961
8756
2188
1712
6357
8389
6285
2999
5426
10628
6890
1109
793
9868
9849
4689
5225
5081
36
10154
10897
10860
9082
4500
11570
1474
8537
7074
5888
1642
11248
9051
3762
5494
6775
9323
9181
7709
2907
205
8353
9009
10400
4707
8560
4518
1388
5535
4159
684
5895
7702
8272
718
10221
5035
8157
7143
11083
7541
6374
8681
3752
7608
1973
6973
551
2331
8369
3648
9063
2155
220
8937
9125
656
10530
10129
10255
1206
1784
2191
8715
5531
11813
4007
10527
9360
6489
4818
7102
7755
10258
7231
2909
427
11750
10916
6311
8320
11839
5859
2866
7293
2946
11426
11894
5309
5639
4494
10216
1067
7800
2274
7746
5183
5854
9302
11979
170
6739
6307
10428
4213
3887
4044
1102
7781
7238
11722
1875
495
3773
4649
11055
4027
5819
1426
9472
11775
2733
9232
10694
11086
4038
500
9356
11158
3598
1032
1040
7486
7182
7107
3971
8101
3
11679
11032
2133
1393
9675
6923
2582
8554
5871
952
5450
9303
4205
5653
8743
8373
3368
11496
9236
10748
2612
8928
7643
9148
6183
11285
1294
1436
11582
8498
641
9670
4927
3308
780
4084
8151
9110
2473
5910
9696
1901
3255
9798
2493
10496
10539
1799
3501
4919
11727
1964
8984
9573
10373
1685
5341
8972
4387
3392
11140
944
4543
8890
5708
7152
9918
6717
5335
6159
5874
6524
8905
5686
11284
10843
3495
1317
11383
10014
2249
6093
1717
7202
7157
5557
5891
2284
1377
2156
888
9048
7512
3681
6128
7856
2089
1910
10173
5327
5852
5011
5923
6071
7779
10176
10599
2642
971
10661
1520
8360
6239
5182
3802
7501
11043
9290
4785
2954
10509
5992
9126
6088
8996
2275
573
9821
4552
592
7482
2100
8246
7640
6585
5275
5980
6161
127
2090
3272
11468
6051
3736
3607
10730
11528
4255
2811
9276
6104
7620
3864
1813
9960
3141
8757
5380
6818
8271
8861
1587
10333
11733
5788
9892
9325
3619
738
1761
2920
9575
7053
475
7869
9703
8453
9548
11963
5236
1417
8401
3769
4438
11742
11824
9504
1522
1808
9263
11608
3554
11392
11307
10058
5543
5091
3413
5627
974
1428
9993
6998
1169
2598
9740
11499
9517
5417
7494
8909
11707
4211
2305
4041
9532
4323
1603
6064
8934
6668
3019
8856
10090
4011
11693
8657
8458
9627
4389
7550
3891
9888
964
6020
7159
8181
2856
3702
6625
8509
3403
10310
8186
9638
7034
11810
3277
3342
11137
4411
3310
148
7597
8837
5662
524
8044
9930
11161
715
9939
4681
7226
8214
4458
9962
11074
11969
9339
5717
3862
2136
10754
1912
3852
1942
6030
6992
827
2808
11352
6823
7018
11254
8741
7908
1397
8678
10892
1640
11760
8868
1611
5138
2044
1725
1825
7600
9280
42
2041
7467
2816
244
8435
503
5574
11639
4532
3850
5813
6907
474
5746
2161
6458
11484
755
5831
4878
11476
7604
2093
9075
8938
7332
1416
3106
4581
1684
5202
140
2910
7277
322
8853
11729
10278
4570
9784
6606
7171
11431
11162
854
1438
10298
2497
4483
2259
6320
10793
3064
6688
7831
3575
9682
8831
6450
3212
4569
10145
5569
11966
120
5235
8065
7864
1124
9212
7466
2432
10776
3562
6757
611
2524
8950
1776
300
5842
7735
10462
9002
5031
11206
8190
981
10663
10232
3286
142
11236
9283
3223
2064
11184
3789
3687
4179
9096
695
9403
6173
9234
6557
3097
11049
1722
9932
9499
9322
5576
5934
7240
9945
9485
7331
7875
11159
5830
2747
11728
2698
10913
2211
2086
2571
5886
4812
6350
2054
8288
7898
7247
11297
4362
11511
4693
4808
2671
5882
6728
1051
6589
6355
6319
8094
4274
7971
9118
3788
4028
4307
6115
6956
11219
505
9999
4366
8698
6662
10926
339
10578
539
1871
6044
9639
615
11000
9911
8313
3919
6316
3998
8704
9644
7799
11080
4336
10139
8955
3438
4763
11059
11368
7115
5368
10731
5383
9132
8016
6288
721
3113
8215
2253
11289
5969
4760
11417
6282
4524
8549
6454
5857
5652
5484
2402
9710
10077
8229
975
10210
7911
1515
6979
5213
8081
2501
4465
8815
10984
5386
3896
7842
10135
1452
11418
806
8208
5695
3629
5039
5364
10992
2231
11785
11884
9000
5474
2047
7341
10912
5794
11581
11230
3135
7411
8366
9264
4728
471
10516
10121
3863
1839
6026
3279
3965
7194
8591
6142
30
10318
9619
7837
7808
74
2523
11463
139
3082
7225
1263
2496
10136
2831
7342
3063
5989
10533
11510
6551
10525
4186
10023
7647
2179
7456
7739
552
6488
4278
1770
2219
11320
867
3776
9231
8564
7447
4373
3674
5227
6700
11353
7786
6797
11210
3553
10138
7251
141
7669
4013
236
2389
361
1997
2817
7652
1749
5360
6053
2694
1949
2080
4234
9059
1439
6200
11549
6351
2743
2893
3175
7527
376
1553
5843
8624
733
11479
1479
10474
1847
9122
11377
10767
3131
11857
8338
10994
3638
11756
11854
10044
8682
901
6069
8665
1325
9660
5040
1484
289
1144
11039
7807
651
925
6096
1411
10513
4743
10454
2660
11091
8532
5587
4423
1234
8575
4594
9653
5211
3467
10903
5956
8784
7671
2801
6683
1989
3146
3196
5504
8813
2579
10941
6262
7849
5446
3356
3543
11011
4870
8583
8099
1958
10826
10899
9766
5803
9692
345
5541
7448
2112
2810
11232
6682
4856
887
7731
4952
3626
10875
747
7420
1194
11781
10406
10712
4550
1521
808
8776
11415
5520
1132
1453
5680
1893
9220
8539
6310
11167
1965
5807
7732
6863
534
32
4736
2786
3244
136
10432
7083
6929
6050
10253
8098
5865
5220
446
11296
2686
7974
1576
2166
10413
572
8510
7031
9044
2224
356
8497
1023
4981
8926
9862
3369
7596
4245
5238
8097
3524
4951
3621
351
11229
6143
5924
1286
860
246
2206
8426
8981
1036
9648
10362
2408
9728
1698
4875
2927
6722
439
3756
5624
5214
5931
7882
195
5720
2289
1089
459
1840
258
6809
5467
3898
8826
5378
7901
9483
8143
8515
5776
10497
7678
3669
6074
3834
3800
1467
3928
10289
5312
7780
10608
3694
4288
568
6987
9700
8063
3556
11531
6727
10598
3211
3157
3624
6655
5398
11370
2139
5899
9039
2384
8499
10053
1630
382
4912
10174
11833
5270
1673
6603
5216
8957
7960
8045
7454
10806
8234
4752
3901
4690
10483
237
3905
1157
5655
4067
4434
2710
3578
4511
9854
1623
9630
5976
8428
11872
5357
5051
5005
1478
967
1690
3274
9018
6347
9512
11669
1668
3176
10024
10444
6125
11301
11735
4339
1202
7829
4246
8794
9711
3655
10218
7639
3259
8842
4149
1953
11262
9839
2330
8469
4837
1822
6308
1860
6590
6626
9025
3219
4847
7796
7005
11176
6302
9100
7437
5962
1343
5705
3414
11791
10352
11565
2407
8462
4287
3311
91
4862
8119
3362
3508
5514
3612
2607
809
1148
6520
3326
7208
1366
421
10700
271
7462
11334
4462
6203
457
401
3186
10211
11900
10687
5318
5502
5
10065
4118
2505
1421
590
6815
7753
680
6965
1757
4999
4487
10169
6086
10091
11487
11045
10489
11977
8615
8282
4708
9267
2714
2320
9418
8238
5678
11843
4196
3548
9450
8275
9467
8399
1679
6418
6330
9260
10653
2616
3351
11164
6528
4479
319
7010
7278
5412
6807
5607
8836
6359
7787
4525
3594
6453
2190
11811
2805
10526
3545
3070
7691
985
11366
4368
9400
10642
11717
7761
11606
2522
9329
5984
5267
5836
3716
6726
5259
6521
11655
10787
1173
5642
6889
4443
822
4639
7696
10660
7470
10369
10251
3150
4556
5769
11294
6245
5619
2304
4977
6152
7418
11072
2288
1547
1703
3173
5177
2738
35
7606
10675
11983
7553
4174
3345
9982
10041
527
11885
2468
1166
4706
9219
6666
9127
9622
11990
2929
3955
10064
8410
6787
5059
2925
1789
6449
10425
1590
10244
8838
248
2633
3982
6230
10931
7269
10756
5162
11923
4402
10630
9762
3960
5336
4049
990
4191
3801
6651
9852
8232
7519
724
9706
6881
7348
7618
11764
11098
9382
10636
8105
4226
411
10998
1398
2563
9769
2550
5300
3643
11975
6523
2827
9743
1659
8144
7239
10185
5029
11658
3008
7270
478
4730
9757
10398
10191
10152
564
5909
4961
9654
5884
11016
2277
388
252
2613
8805
4324
5584
4777
3910
1819
11858
2410
11134
6988
7255
6399
11278
8268
9610
11946
4614
2280
2038
11209
3379
7939
3977
2096
211
2762
3133
2276
9989
9803
8387
9978
10842
11773
283
3921
2761
6106
3506
392
866
9891
8763
593
1212
9205
1805
6745
8840
8942
8964
3934
3395
9177
8243
11734
7380
8919
2995
2826
7711
7444
11644
9245
10273
5847
8464
4424
6233
8898
488
11119
1205
4472
2355
7511
7044
1636
5511
11172
10459
3880
5604
8096
3611
1674
2670
5061
11905
11609
640
11315
1300
2683
112
3663
9690
4734
8724
6704
5838
4899
4893
4110
6054
5201
681
10772
5277
7991
8932
8457
9173
8959
6210
4140
3735
114
10579
10911
4778
214
2323
38
4607
5443
422
4219
2011
11922
6597
8345
10652
9656
290
10358
2862
10905
4293
5643
1940
11610
11410
9990
2605
11993
9746
5052
2823
9053
5050
3808
11586
9597
57
1247
428
5082
115
3400
10385
9088
2668
561
1224
966
6157
473
5758
4528
9827
1607
1390
11508
3755
3744
2365
3435
9974
4436
6940
698
7326
5967
9227
5480
7144
6858
10798
7872
7575
9768
7748
8745
4531
10164
5092
10925
4506
4265
1508
11865
1888
10703
3780
7345
6898
6827
4910
10335
8576
6570
6100
146
11261
4437
10749
2174
5548
1671
152
3817
5628
4189
959
1326
5784
5410
247
8337
10844
5348
4579
10188
6178
11685
7886
4267
3401
4587
11367
4491
11033
3518
4987
6561
9522
10085
2102
7889
3890
11999
10292
10655
8305
4861
11513
10465
7161
2183
11403
4546
9407
6052
1097
9142
7210
6459
2528
9851
8023
7626
11940
9060
5310
3088
11252
6105
11866
2860
7260
4254
6962
6264
11146
10861
7940
7140
4881
7
3462
8574
8540
3924
9447
11350
9426
11958
6136
11893
571
10647
5822
10589
7164
8072
4406
10664
11480
423
1777
4449
1424
10092
6
7295
6463
11883
7660
109
603
2454
1348
5321
6684
6227
133
10967
10205
8651
2654
7198
4612
5911
6099
8332
6972
1201
11541
6516
2554
5191
998
11792
6630
4753
679
9797
3122
748
2583
219
6417
7695
7957
10645
2545
129
9732
5935
7662
6844
11349
2424
5111
10078
7635
8361
9837
9270
8716
7069
7693
6748
9992
10151
11113
1552
779
9188
8929
4562
9417
7318
8690
1486
5544
9873
8632
8673
4030
8278
4880
2514
11664
781
644
5903
5419
9026
6747
11413
11925
11861
5207
2049
6884
4685
9363
4627
7312
3271
11038
11564
6527
1511
2114
2924
2640
9370
10919
6049
628
8585
1979
9476
9153
5086
6194
11002
557
7211
2057
8511
8848
1432
10311
9372
11590
10866
7554
11903
8253
2997
6692
2629
8207
8110
7810
10695
3109
3139
11450
5908
3666
2799
11647
11143
11568
2775
2207
1945
636
7207
2758
5322
2853
11762
563
2169
7030
11004
9756
5894
8988
8849
1763
1720
2863
4857
9683
11526
778
11397
10386
9986
2196
5136
6991
1804
8786
9155
6990
2870
6098
9369
1227
1222
8390
8153
11585
11713
6062
6333
11264
6857
8773
9246
10150
5145
9968
4680
10254
86
3114
5032
10405
9899
11435
11554
520
11805
1759
