4909
156
7394
6874
4443
2464
9504
5526
10364
1315
4501
3942
10970
11209
11666
11362
1130
3333
3786
993
4310
246
383
8333
11052
283
2085
4068
816
2043
10561
10166
5505
1057
11099
10626
7561
9592
9881
10913
8103
3735
5860
10150
8084
4291
9577
11512
6549
2097
560
438
3366
2062
11769
8011
11929
2030
9844
8426
10571
11828
11123
9796
7331
9458
1811
427
6502
11100
3709
6691
3648
260
7451
4548
4780
5479
10693
10190
10812
4857
7580
5701
3156
4987
11490
11260
1219
9603
1795
2686
6034
3345
10009
5501
8345
4623
10229
7951
3905
8999
263
5942
1730
9942
8247
7821
982
880
11064
1101
5529
829
3422
10436
1074
9568
10622
8703
10552
9965
9127
6932
8515
8754
6712
6780
1304
6426
4287
11183
4065
1787
9498
9783
1964
92
3094
4946
202
8505
11197
10134
3502
5089
9730
5577
8694
5233
4608
6413
11312
1561
1356
8083
9918
11195
1370
10483
11476
7198
10414
5245
342
2506
5061
6396
10200
6068
1621
3971
8325
9721
299
8483
9047
7818
10703
8687
7834
10826
1019
1659
11444
4805
2228
5803
6770
6161
6855
3835
7278
1609
3104
9541
10030
6433
1402
11009
10868
3091
3570
10344
1529
171
5665
11899
8390
1122
3512
4131
4870
5816
11153
10855
3684
3945
1658
11480
4181
7741
9633
7500
6437
10041
5837
9048
2175
11709
4840
4066
9192
10023
6873
8861
2404
10624
2581
7371
4813
8659
1631
9758
2338
7330
2224
9307
11355
10901
5964
2015
5101
2953
2827
8155
8435
11599
1135
9099
11307
7574
2834
8377
2537
7874
5786
5511
9196
11754
9067
7190
2305
10822
989
8086
678
9953
2457
4854
5065
10434
2153
1445
7225
9158
11145
8656
5855
6150
7240
11912
2156
2869
3463
10917
8065
4308
4164
742
738
6415
6772
10965
7956
2627
10832
2402
393
6690
9655
9483
3
8364
9467
6100
4509
8228
2550
9161
741
7423
4003
7857
9160
1086
4589
10052
11306
6039
1882
10224
8422
9657
589
1861
2502
6454
7537
8226
3475
4661
10585
9286
223
9515
2703
3286
11627
4050
4447
7388
658
8473
8937
5656
9666
9620
2529
4570
3914
1080
2008
8361
432
1351
2962
9096
10181
6204
4095
1197
5299
8913
10006
326
11781
5312
8130
2081
11699
8350
3458
4838
7856
208
1143
891
5117
1974
9232
9839
5918
9092
4791
8431
6644
3407
5389
6627
3994
5625
9473
7081
4278
8284
10567
2397
10928
10836
8716
175
257
7285
5870
10416
4716
3204
10027
4376
8870
5281
828
93
11727
5320
78
8929
11798
4014
1103
4117
3343
5615
10068
1550
3615
3641
9328
11391
10896
2341
4765
7082
11085
10613
8819
4736
1051
6707
2979
1056
10752
1824
1138
7645
10147
3744
2355
7774
9813
303
1391
9864
1932
3203
4393
8027
5238
3964
6374
1696
2288
287
8296
11743
134
163
2907
10741
3497
7649
10469
7682
3599
20
5181
4463
10801
3173
9588
4356
4026
2132
8639
3956
104
9607
2605
7411
6089
188
1222
11751
3850
151
9632
1916
797
5142
2339
9643
4188
9081
6892
607
4128
5055
6208
10307
2025
5274
7889
5378
5702
4075
2046
483
1563
7084
9301
3879
11961
9193
1688
7332
11227
8590
11080
8401
8971
8576
6920
5520
4538
7558
8996
11574
10709
6472
11611
9109
114
10547
8647
9740
7024
4876
4790
6568
6965
10794
971
10678
3498
4487
201
4997
4275
8709
4748
1588
4739
8490
5191
11019
7100
10325
6008
11956
2277
1574
10180
4076
2298
8049
888
10519
11010
8156
901
1408
9350
6993
2405
7744
8541
4125
8863
7126
1940
10396
4996
3070
2472
10772
700
793
5890
7588
6609
11291
3325
1740
3423
530
6704
6752
4100
5542
11050
7832
7584
4764
2845
6009
1625
8835
2851
11849
5667
173
11998
3921
7454
10303
4559
2500
4127
3865
10562
7915
2309
5375
1483
8880
5112
1403
338
11589
4027
5108
11733
1615
10251
10502
10734
4355
11058
3331
5241
3299
9753
9482
11442
10575
11946
2526
11214
7282
11774
585
10908
4059
6172
6358
3714
7793
10412
8988
1124
1485
3064
5266
7521
2761
5189
6229
9476
2695
5607
2265
7191
11634
7544
482
11310
906
6595
6378
10070
11082
11587
11545
7202
3069
9170
8545
5005
9418
6854
526
7986
755
10962
8667
3110
8121
4246
4912
322
609
5282
7909
3367
6307
7257
6523
2466
10471
7782
3992
3973
10662
11748
5335
3437
11708
2491
6547
9551
4648
5067
10668
7549
4132
10511
11616
4103
10002
6113
2931
5391
10557
11734
6782
5192
9084
2310
516
1831
10820
7362
8644
6540
1765
858
8624
11658
1209
6553
3319
10545
8535
8278
2455
3254
3613
119
1161
2119
11850
5646
3062
2378
4510
11594
4209
9988
6596
11760
3233
11470
9256
8983
2999
5439
367
1184
7034
7681
1822
11249
7613
6483
11302
321
6133
10435
3839
10376
11746
5779
6040
5909
11674
2591
4341
9238
10939
6962
5809
9565
8395
7668
11170
10663
2737
3149
8723
10292
6521
11931
5074
11992
9379
2134
5252
7417
9242
5993
4722
8520
8175
5316
9804
7779
1489
9543
1181
4828
3349
3391
4660
8039
11286
8708
1608
10742
264
1340
11319
10207
200
3399
11067
580
1520
9531
9895
11896
5983
3975
238
3947
8986
8902
11579
9685
6565
1228
6838
1013
9502
11015
5105
5540
11736
4763
546
9545
11324
191
3750
5971
11240
5935
2321
11503
5413
70
802
10603
3816
2300
1006
2713
9187
9939
7473
9718
11243
7206
3886
3787
9983
8357
3844
5586
8514
608
10858
4598
4399
4029
2089
4238
2019
9938
8057
6417
7246
8297
3336
2376
2351
2769
1926
2624
8951
3647
4214
4113
3882
5560
5531
10761
7528
8303
6671
1082
11842
4653
3456
10549
4866
3264
7946
6045
5206
5072
9386
5020
9843
3622
10241
7590
10387
1723
10947
8795
439
4217
7369
5650
10599
414
7130
10038
8618
11894
2120
11344
11863
4761
5720
2289
4470
4773
10793
5463
11202
7614
3515
2336
1071
8194
2820
9900
10261
9855
6805
8003
4847
11068
1667
3340
11258
11763
5752
9524
7985
10992
8546
5709
5967
5598
1024
4709
10385
2919
9180
796
9516
4135
7778
3459
6847
4775
16
4545
11952
11466
1929
77
1330
412
5432
11300
666
4396
5466
10105
6001
4911
9892
2777
4468
10475
8826
3668
11741
1866
9388
6096
1686
1734
1320
8631
9263
5745
1449
5404
7342
10888
2508
916
10738
1585
7591
11984
10554
8273
7632
2756
949
11967
4085
10799
8196
3594
5043
1758
9771
4228
11799
9780
8332
8224
3697
7016
372
4282
38
274
10667
548
3135
10209
8812
2222
11148
3752
4669
4382
4772
7092
1700
8678
10616
2125
11132
10076
9861
6640
9277
11909
4558
10864
11625
11861
1494
2223
2599
3894
7870
8833
1598
1933
5865
11108
5551
11834
7552
10948
2026
10063
11255
5478
9325
1434
8010
9194
5727
7719
3292
4879
8276
11320
4878
7311
2443
4970
8162
5987
3223
8008
7911
11390
1623
5469
1596
8486
11039
8321
7723
7924
5158
8806
197
1202
2130
6498
11523
4253
454
4058
2256
8338
3573
7532
8722
5943
5970
8583
2065
3446
759
3866
1450
3476
3540
6931
11478
11329
11785
6258
6513
11143
2145
9604
5169
4682
10982
8235
10321
3151
1502
11354
2608
10156
7982
1704
10451
418
3724
5730
331
11301
3825
10654
11481
90
8248
10001
7268
6011
8960
9338
9526
8164
1145
3938
702
345
2842
7496
8323
6843
389
10446
2076
3301
6625
4673
6242
1616
5518
215
1890
1010
923
1484
2009
1353
7646
10336
3434
515
6864
8925
837
135
10778
1344
682
9007
9347
1780
5489
3507
6174
3431
8326
7065
4582
1327
10265
4920
11932
7806
3936
5398
2143
8682
1878
9682
4351
10187
5843
1691
10355
11688
8530
4663
6840
10449
4254
143
8508
6817
11098
5334
9824
3119
11087
7319
2099
11332
9670
3269
9053
352
10258
1637
10782
79
9212
10686
5170
3884
9369
7209
7291
8002
4163
4006
2704
6241
1443
4596
271
5773
10849
9691
6175
4505
5923
3071
784
1638
4579
4965
5764
4073
7876
7564
1963
5027
4613
3917
10865
7754
6245
2772
3685
11244
10437
4664
927
8174
9481
5819
6360
8045
6675
1789
6741
6762
1997
8382
11388
9940
4192
11990
11023
3959
1736
9306
43
4416
8399
9394
8140
10501
8899
5879
3554
9913
3236
3860
3887
4685
4139
11160
3285
6698
10110
290
7261
3283
7162
2672
4733
8289
7655
309
8075
11590
10871
6098
7891
7585
1533
5188
3294
11999
4796
8528
306
65
5195
10106
11810
5114
4241
9400
3765
5806
11965
5585
2325
8100
4047
8090
2360
9664
9159
7140
11041
3378
2916
5744
7515
3130
3297
1978
4855
1786
4723
4540
8078
6403
1198
8914
7485
5246
1651
2139
5906
10108
11617
534
8044
11358
2000
4776
6577
9148
11477
5530
2802
10621
10972
10406
8884
4704
5767
10400
8869
1179
3415
94
480
9803
567
8432
1692
6341
9569
8510
4041
6442
478
10212
6399
4312
11793
9590
1761
4543
2384
8603
11493
10397
489
7547
6773
500
5596
5015
3653
2514
2915
5144
2652
5812
3005
11847
9640
6236
4657
5025
2121
4753
2515
5397
3237
3467
365
5894
2623
9276
9091
873
6370
3606
6849
10642
2191
9535
9500
3972
2740
4412
9038
4823
8944
6053
5895
9119
9260
251
9131
3742
9457
5313
3503
1093
4665
10640
1880
5071
3968
7942
2230
8584
9949
6082
6071
4213
11372
2873
5338
8348
1283
2531
2337
6272
6391
10282
7254
4690
8788
5149
11122
8117
4667
2272
4899
407
5435
505
6583
7566
6778
2254
11803
10234
9108
2738
2576
6165
9614
6819
8362
11653
7684
931
6837
3389
1418
6248
9468
5063
7201
4392
10683
4070
11640
8560
8707
4250
7132
4689
3934
6775
2312
5697
8577
11891
9375
7295
10604
5018
8650
7010
2669
2706
1462
6862
8384
3713
7265
5402
6489
6195
11830
5907
11091
7350
9746
11144
10810
4792
9920
3183
10408
11037
5405
1016
7192
5631
728
3576
5921
11241
5436
11149
4218
10713
6268
8058
5087
6666
174
2518
9494
6129
8878
132
4433
212
3144
8718
7947
485
9075
1973
1128
11191
2858
8523
7484
2833
11162
6278
11819
9493
8875
7893
924
8894
8689
5109
8257
9275
6388
8354
8549
5056
4651
2684
2750
11551
4503
8961
7305
1481
8918
10074
2882
875
7722
10944
957
2133
8907
4801
10369
8512
2003
7918
6401
5280
10834
1764
5454
11225
7275
3769
6398
6972
8683
9926
10527
192
4473
3263
10634
6145
10578
962
2467
8115
10757
2516
11966
1671
686
9829
3984
231
11047
8139
7660
7738
9024
3010
9673
9701
772
6753
1133
6340
7306
8352
8675
8789
11062
8822
5878
809
6896
8480
3986
4774
2552
2664
2151
1478
2759
10494
11334
5484
10687
2250
10486
6368
7971
4924
2170
1975
9326
7996
5754
4573
8385
3834
4625
3161
9139
9262
6681
10082
8260
10025
10031
7934
10775
4640
833
5305
11326
9390
10219
6578
1171
1339
11789
11462
4555
11550
11825
4889
7072
4295
3246
6638
4811
10618
7699
760
3885
8311
9856
3043
10798
7424
5119
1995
8651
10526
2101
442
4089
9169
11988
11702
297
3338
3918
7799
9696
10548
9348
2693
9408
2282
9943
792
1947
1633
6327
8783
5427
7474
4244
1662
4587
4976
5884
8238
6828
6526
1987
9969
8302
8606
4758
5023
10953
4680
351
10283
7375
8225
9303
11109
8851
7522
9387
1718
7538
11116
1190
10505
8023
1287
10422
3473
10652
10664
244
10299
9572
5571
10183
6037
5825
10803
72
5703
9686
3923
8478
7366
6928
5623
8266
6961
7773
3217
6289
4138
1224
13
8862
1573
8414
921
6058
11425
600
1486
11562
1099
4525
7480
9318
11413
3055
1543
5629
10999
10465
3356
3267
9745
7486
11978
621
2975
6530
1260
10254
9176
11773
9955
6369
5528
7057
4426
4055
10015
3782
6296
5740
1243
259
3136
466
8753
3428
4788
8062
359
2925
5541
593
11020
3538
11530
1256
6316
6112
5741
7508
5329
3181
6998
1896
6177
5474
4454
1221
5152
956
2927
8612
10201
9658
9857
11979
415
9802
6957
4126
4831
5051
185
8464
2190
4569
3518
5124
6566
8908
8568
6620
4963
7913
7004
3466
2316
5289
4684
9540
9974
2898
1139
8424
4678
9992
4257
4925
5565
9984
6085
2231
4423
1884
1225
6804
1681
4212
2885
2104
3908
10569
4845
7691
7507
11405
7968
3095
10732
513
7604
1654
5725
7461
3468
467
5794
973
3642
3085
2096
9459
6020
591
3146
1465
1482
4274
9252
7292
2803
6504
6921
5165
7811
11460
4320
5770
969
2131
10770
3961
6328
10805
2643
7459
5954
3157
7844
7789
4086
3049
553
11939
9791
1065
6223
6588
3799
7967
2671
3736
3637
2906
1241
1912
3682
8079
11496
7587
5331
5296
6731
7740
3479
241
5636
3514
4798
5285
6722
1710
87
4837
8990
8381
2060
4948
7139
11681
3804
8643
1442
7296
2783
7149
7062
11630
2714
6326
8279
5081
317
7
2826
674
129
6481
8820
8324
2059
6527
3190
4915
5258
3477
529
3826
5343
8454
4115
5498
4446
7328
896
8522
8331
7196
3544
775
9094
5414
7245
6573
3384
11648
8397
3460
7845
10808
11673
11715
7907
10323
953
9808
5990
1043
5187
6994
6629
2817
6730
7074
2239
3420
362
3341
3089
9874
4279
5766
2056
3928
9022
4544
7345
9750
2980
10176
11739
5341
10372
4091
89
1895
7825
5393
11177
6766
7921
576
6153
2938
9335
4034
7977
2728
4108
9869
3867
4952
11742
10334
3393
3863
6718
3365
2940
9157
1170
8755
3494
10384
11838
11586
649
8329
8542
4750
662
8148
6215
7534
9760
8371
4839
11043
5134
789
9293
5742
10347
11508
48
3185
10266
2742
2662
6902
5234
1115
2232
1195
11416
8661
11726
111
641
9674
911
2114
10649
1448
1431
1887
2198
8298
3878
5610
7446
9206
2148
3350
11309
5519
11935
6059
9215
1819
6779
8274
1325
8456
4833
2473
10341
4299
3783
6781
6926
3201
2690
2644
4410
2057
4302
5044
6881
4204
7548
6254
2359
10477
8476
11424
11337
8912
7347
3107
1474
8746
11131
869
5737
3274
4488
4728
10536
4175
8061
6143
9626
4980
2618
4046
1022
2024
852
10952
7039
3109
3694
5385
2822
7137
6935
2781
9585
9197
6049
5829
3899
3101
9268
10593
8611
11251
8479
9401
11707
2380
4493
4962
11383
10955
9309
9797
7978
10268
6621
734
1461
323
10886
7562
1636
8291
6234
5502
834
364
3408
11357
7770
7176
6138
2692
6710
1359
1114
3042
10491
9862
2757
10361
3029
9838
3344
4266
6723
9660
7349
5515
5544
7846
5352
3979
8781
2444
7557
7848
9621
2181
1218
4448
8509
5492
2422
1394
3983
9362
2775
11127
6724
11542
7498
2932
2825
7739
7321
3978
1472
4886
7420
710
10612
10963
4043
10338
11245
5736
5070
2490
9776
8145
812
11749
11278
6464
2322
7075
6488
2420
1749
7930
6774
2893
7976
7817
8852
7695
1255
11723
145
3511
3496
1881
6421
2795
8468
4712
5524
4028
3598
9391
7015
8360
5183
5981
7465
4167
9798
7563
10018
7184
5959
10028
8202
4666
7510
1577
5078
1996
11345
11636
4285
10694
6846
155
7071
753
11938
9270
6992
5364
5759
10971
8191
6260
10473
11392
7143
1754
8446
11729
84
805
9778
5001
4654
2329
416
8649
67
1810
6797
7633
4322
7855
5500
2760
2324
4692
8574
5481
194
7104
10284
5102
11801
11667
9087
11871
6309
6463
10815
6906
2539
1182
10489
10796
6982
1644
8793
1109
4002
563
6317
10610
8413
7238
2814
1759
6929
4937
6656
6991
3413
10531
6662
7983
266
1906
6875
11712
103
2835
6230
7276
776
6048
8236
10142
10874
8841
6589
8774
5419
3733
9200
6055
10763
7910
8538
10573
10619
3565
11963
1678
9208
7059
6734
8170
6090
3773
5053
1293
7018
9687
937
2610
9779
2049
6139
3316
1808
1941
8733
5429
1385
6416
3308
9489
8300
4591
11695
213
3067
6859
6556
1606
7399
3932
3678
7875
6263
7089
1100
376
1460
7389
10078
8310
7790
4829
1832
11293
10044
1967
8208
9079
5508
7594
2797
10073
11038
5718
3172
3912
2615
11646
9793
6269
137
8020
5458
11862
3526
4276
8557
8664
9437
1733
5946
10838
2837
8144
6122
5042
6861
6997
2421
3036
4652
10458
3087
7826
8842
5905
2569
11898
11758
6615
3771
9415
10957
7608
3587
7223
1480
4380
3435
144
10607
1453
8891
3170
4069
996
7026
3566
11403
8178
11897
3441
7804
4762
11033
3414
10302
6303
5482
63
7899
9447
2821
6166
3612
6612
2315
4484
99
6445
10012
2194
4337
853
5952
7809
9930
7146
5888
6632
8575
4434
2459
3307
4150
9135
2614
9179
6659
3530
2394
5159
9147
4202
339
5841
4314
1777
8177
4332
2889
3018
8952
8141
4137
4931
493
9025
11386
6803
10651
4799
1381
2011
11576
7253
10244
1521
5688
5381
6955
8033
1924
7007
4746
186
10719
1167
3920
10331
5162
9288
4401
6343
8887
6031
219
7902
11497
2334
1910
5934
7079
6447
3675
3784
6516
10444
4023
7579
41
3044
7718
8955
8627
8277
1341
5384
9406
17
9419
1117
9563
11663
11815
304
6735
9897
6237
11679
10754
11934
6221
1466
1753
183
5793
1152
2718
8253
9393
10904
9832
3154
2645
4305
501
5945
3768
1709
2648
4632
6389
1331
3410
7036
30
6747
3310
1119
3774
7994
7410
6453
5354
1593
6281
5692
3524
3281
8749
11687
3143
5681
1743
2129
1413
5182
2880
9023
3952
6435
10791
4916
5446
10698
9587
9285
3311
9954
11421
11163
7357
403
11374
5475
1333
959
1951
11117
4628
8157
2766
4479
4326
4731
1546
6913
4216
3339
2977
1324
5214
7481
4369
7935
2896
3165
4907
9477
3444
1611
6141
1230
9849
4377
3824
783
28
6170
7031
2236
11194
566
2892
7207
3164
4755
7054
9630
8199
1392
189
1343
7115
7631
11960
5953
2720
8501
8370
4553
1389
4622
3194
2600
9554
7619
3574
3074
3225
4743
2574
4286
6484
10293
5796
5749
5563
1580
6226
10278
5326
4387
6347
6689
320
5512
7111
1689
10420
9690
10208
11161
4873
4511
2566
4834
332
10227
9475
9152
10892
1428
40
667
8407
8726
10276
4079
7277
4035
166
7012
10100
6323
8043
3719
9766
3300
10660
1846
9901
7879
4588
2361
3305
9052
7732
2944
8985
10620
11445
1943
1791
4407
5569
5712
10845
7990
1261
5846
3729
2806
7536
10912
11561
10318
8632
11277
4071
1840
3404
10466
561
511
6560
10485
6200
1842
11637
10717
1290
7571
5991
11024
2959
9032
5372
9699
7301
3126
8286
7578
2084
5522
2196
3148
5095
4324
9546
6362
203
8107
428
1645
9298
1275
5661
11304
3282
5235
7177
10977
10382
7038
5247
1159
4880
1186
5549
18
10343
9634
5748
606
11381
3620
5232
7167
9381
9882
2790
7728
7637
634
10391
6900
10806
6466
2952
11644
8494
2856
495
711
8950
10975
9290
9064
6062
10007
502
6542
10517
9029
11206
3295
3355
9876
9028
3242
8745
358
5178
11536
6891
1309
6016
7070
4431
3328
10935
9860
7867
10735
7838
6590
9799
4616
1739
2957
2694
6424
10459
11252
7814
3584
4550
1150
8695
7200
3805
2809
4476
11435
6777
2617
4624
8772
10645
10532
9528
7556
619
1516
8128
8093
2557
4609
2533
6746
1652
5470
6010
11745
7068
6697
9172
5085
6452
1134
3287
2161
2913
8976
1476
1852
4535
11919
1303
9651
11949
7824
5146
5858
6711
5205
8821
3969
4923
10827
6825
5671
9471
6136
1782
11281
1567
11446
1587
6056
8336
5556
9046
4483
737
11465
4644
7327
9385
8087
11884
5491
11501
3919
222
11044
3671
9258
8738
4099
11777
11095
9777
8012
10852
6423
10
2762
11103
371
1286
7290
10869
4031
8524
3379
2764
9443
5050
8411
3776
739
11529
11305
4230
11438
6569
3077
1459
6267
9675
1657
3046
8046
4077
11989
3627
5916
10669
3137
10587
3610
4504
1358
5128
224
3219
9538
1132
11115
7524
558
1014
10520
8487
4277
9274
5653
11013
10175
5509
9671
11527
7836
11189
4189
11173
52
8365
11957
6354
10167
9358
1538
5321
4315
10564
1977
272
5875
3492
6836
5311
532
1600
255
6786
11076
10273
7622
11578
5732
4861
9828
6641
5842
8840
9093
7042
4145
4105
7771
4441
3595
10020
4584
6728
4146
10439
11375
6419
8166
10141
715
425
10780
6512
4785
4606
8911
6670
11114
8771
2934
4226
7675
7886
3377
138
3007
4497
2257
5097
9970
68
10405
7636
8261
6646
11311
11432
8824
2520
8775
5633
6409
4957
2628
1357
7506
6848
8794
5708
8098
5186
10589
7020
8179
10841
11499
10049
6798
11200
11925
6147
10236
8015
7131
2416
4025
3988
1541
5555
5270
1076
1748
4298
7863
11822
2910
8642
4977
11933
8865
11937
2389
2870
5690
9770
8405
11473
2276
3762
4819
2660
11722
9941
6088
7928
9461
1233
2165
10300
786
9956
9426
10287
8054
4832
4890
105
8807
11903
2188
4578
7860
11827
5523
6907
1876
536
1729
3205
6562
2363
7448
10670
11997
5298
7511
10783
2396
2218
699
8201
44
11151
1970
884
9725
3106
5576
1279
7554
3539
9236
9449
3167
4232
6726
11174
2930
7155
1098
3465
9460
1750
2377
8215
798
3443
10623
2879
11179
1163
4697
5000
8420
9581
7922
6876
6283
3607
8773
1712
4552
11365
10508
8792
7174
6889
1886
8216
5304
11451
7064
5009
3734
1328
6440
4449
9164
943
37
9741
11968
8072
8671
918
3187
3361
10440
10000
3155
5449
11495
1589
1938
10920
3864
6244
6985
6335
5473
10976
4255
5762
7974
9126
11775
1684
7165
3643
3659
268
6499
11818
807
7769
11073
5342
11003
10582
5048
1755
8380
9185
9424
7988
3395
934
5929
2583
11873
3470
6769
1427
11328
9981
5465
5394
771
9010
1821
2530
3814
2570
2992
11063
9848
11779
7560
1992
7469
3440
1017
5154
9923
1957
468
11363
10310
9142
11434
6275
7573
51
7998
5198
7008
5457
1937
11394
10830
708
3317
10088
9755
2968
11721
4703
4207
10945
6349
11980
6834
10438
10328
7798
3082
874
5838
1868
11858
10173
10132
4810
1914
2193
7283
10309
8275
7091
492
7428
1054
3792
7315
375
4502
3394
8684
11187
3746
10233
2857
8544
4514
4158
6581
11632
6251
1141
4844
10087
1690
549
9737
856
11498
2532
3313
5242
7058
4223
3004
7733
10851
10474
411
1934
2294
2290
9689
3090
5133
4280
7005
10274
1235
847
6789
525
7965
8009
53
6934
6450
6639
8691
5328
4221
3557
8219
11168
7916
8815
10746
1820
8973
11401
1823
5340
4251
11315
7679
3127
2029
1168
9878
4605
9822
10337
5204
1905
3500
9833
5213
7173
5887
718
10847
11210
1026
7743
9223
6057
9593
1959
3838
11548
10317
3537
3482
2568
7539
1617
3253
1407
8461
9979
490
6482
523
9548
5386
7370
4304
1347
9478
6951
2304
2899
1446
8593
1314
3430
9337
1899
10448
395
7665
747
164
652
2758
9629
1302
11342
11022
494
994
8969
8867
1234
8980
5208
6125
6667
6460
8172
4318
2754
2182
7270
6026
2044
612
6954
2950
10918
34
4462
8021
11454
11027
6916
4345
11175
5672
348
7215
7768
5002
4264
6554
5657
7227
10017
7175
3056
5811
10090
4978
7662
518
10003
11459
11264
10410
10022
335
2536
4719
823
10759
3778
10146
1552
3357
7912
11507
2864
2023
11094
5579
3925
1050
5239
10784
1203
5447
4053
3218
9115
5670
10368
2244
9436
11770
10797
572
2124
5231
4994
9787
8858
3657
5236
5497
3208
2419
10767
5634
2082
3425
4500
4917
11633
5683
10744
11836
10116
4744
9230
8092
9320
5130
7281
9648
7628
2344
922
6937
6178
7392
11647
5029
7518
10506
11682
5348
8472
11942
10879
5294
9509
8521
11591
9034
3421
3113
11765
6322
4153
822
5802
8076
7153
4527
462
11737
3579
7435
8283
11294
1501
6563
3536
10415
6936
9532
7750
9957
8740
9097
3528
9719
688
3851
9726
10592
3699
275
3597
6406
8185
8489
10114
3390
4918
5619
1292
10482
2753
5307
2905
8137
3726
9575
4460
689
2891
11484
1583
5527
4054
2741
6815
3585
11812
550
8308
2390
11732
6070
6159
318
6191
769
6107
4044
5705
4655
11449
2166
5211
3276
2696
9248
9542
3230
2039
745
10097
6474
472
9267
3868
9865
11246
730
6361
5141
4195
8888
2849
1507
6647
10964
4263
1773
3625
11070
2017
3034
9820
4171
6006
6507
8658
4802
1950
10762
10961
10235
9329
1249
10137
1350
10720
8963
9156
5677
11780
3015
10249
9610
864
7379
4379
618
7262
4863
1604
6911
6476
11595
88
3485
7598
2744
694
8802
4494
10144
9717
8250
1779
8938
7443
406
3813
1979
4437
6515
5564
3469
8396
8995
11166
370
845
1409
10479
5960
2327
5410
3531
2010
1969
10514
1680
8814
5733
1921
8868
978
5715
758
899
4515
4390
4359
3189
10702
7700
6687
11607
6420
3854
10499
6999
7514
11974
8292
1368
1889
10124
5037
9756
5026
5647
7309
9711
11106
2426
7203
10056
2098
1602
7120
5801
7170
7599
6653
5592
799
360
4162
3128
5212
8945
2495
3141
1285
8648
2014
8890
10696
9708
2027
6713
5867
4415
1298
2638
8981
11279
11457
3600
8259
11274
1156
11724
11239
963
7685
8410
8936
386
10071
6714
154
2883
2047
5200
10867
9189
7505
2988
4361
11292
9088
8475
2149
8491
9681
2202
9506
8160
11795
4599
11021
4539
983
9175
6080
632
7724
6537
10856
3581
1257
5228
2698
8729
2579
976
717
11814
3803
5658
6271
298
2840
6701
10990
11494
5308
2146
1464
247
1175
6684
8989
7049
2914
476
11506
2354
8720
1965
1674
5265
613
10861
10004
6700
2163
11639
1335
4607
10452
6060
11716
7210
7567
6479
9259
6207
3823
6668
6699
11429
157
10426
11804
6333
7640
8246
3304
11901
2868
11138
31
2572
11761
6379
6946
1999
4325
10942
9854
4778
3162
5687
5276
9951
5145
11874
1301
8582
2074
10650
4630
9357
7429
7069
9396
6745
10154
7087
3175
9488
7499
5532
9497
2682
3262
1843
1355
11555
5649
4933
3198
2242
1834
3327
355
8948
5126
4316
939
795
1653
7897
10600
9364
1123
6511
11543
9703
2710
3583
5461
2348
10873
7320
11833
4705
3944
8368
5418
2619
6897
8212
8082
3398
2519
10329
4565
11331
7801
680
4816
10332
777
10559
8193
7808
262
3649
1883
9714
1576
9349
1768
5719
8672
8195
8633
7002
1380
9012
11450
3221
8493
10625
4966
11414
2199
10910
6282
11112
4198
4972
8469
6814
1248
108
7458
5264
11134
2678
8919
9539
11603
1083
1655
10298
4592
354
2577
5437
10016
10870
7136
5392
7625
2263
1807
2812
3296
11259
3373
7527
300
5927
3347
4220
2642
2961
9734
3716
10148
5533
10699
177
803
8383
5814
289
10121
6611
4526
2611
1908
6959
4245
9366
11869
10155
9041
3831
2427
7044
10875
74
883
6827
1386
6270
897
3830
562
8846
3160
8158
1581
2830
8119
10988
3767
9707
8744
7063
6186
10504
5578
8962
5804
6355
6619
4201
2839
6342
10131
9254
11908
7595
4036
182
118
7847
8484
3436
10583
10447
11248
1558
7692
7970
10518
8926
1444
4727
8779
3993
2012
4340
6702
3569
9395
10065
1809
4806
5904
11631
10985
7050
4516
9615
496
8186
3634
4940
7493
9933
2584
3858
1632
5387
5559
9080
6225
5172
6277
11522
10047
6022
1619
10264
4375
2541
6397
1269
3489
227
4231
11140
10500
3898
11479
2061
27
8095
5643
1672
10107
5593
11829
5003
140
6470
3335
1245
6462
3550
8536
7440
66
5554
2020
7113
9784
3080
6858
6739
9817
610
11872
8786
3243
5777
9251
9669
2729
477
10925
6736
6716
1713
7419
8837
2976
7128
5800
4339
2123
1369
2032
10523
3516
11755
681
11881
6243
2632
443
6485
4768
6503
1364
5201
3152
6381
6187
4000
10430
10941
1296
10079
7404
10067
11408
4533
11983
1955
10579
10967
2330
10077
10304
8592
2816
9297
503
2859
2462
2456
10024
10560
6356
6325
9343
8113
9120
7671
751
10195
7344
1467
4815
1665
11660
10635
2607
8654
1239
2388
8006
806
3427
8559
2102
2755
8519
8050
9579
3416
4191
2235
4301
4820
5642
2542
8935
6300
9050
4881
162
3809
6146
11208
5210
248
5131
5973
5460
9530
9118
6194
2318
7224
3533
5594
9495
3755
11567
3761
2140
6693
5995
464
2113
9102
8448
1166
824
3255
3810
3068
10191
788
11269
3849
5604
8007
1120
9083
7759
9173
2847
5781
11289
5207
11146
1794
7797
1157
11081
225
7749
9928
11402
4542
5632
4106
5022
7452
3472
7853
3120
9845
2451
11178
7664
6156
5255
2100
3603
861
6630
3953
2373
5443
5322
8921
1928
6940
11972
5682
887
11697
4964
3247
11851
9896
8152
1853
10792
7802
9026
10685
9991
9514
10758
9662
4429
6721
2824
4732
458
4197
2192
413
8619
7772
992
7582
9583
5147
11474
9072
10923
3910
3184
11224
6432
11282
91
2035
744
8562
4062
7731
7453
6478
7051
7329
10656
11747
8496
8091
11012
3412
4021
7823
76
122
291
3951
714
8608
1349
7397
10606
10909
11954
8997
7850
7784
9479
6696
3348
1429
8734
5833
508
3855
4638
64
10876
10326
698
6760
4485
1699
11382
6259
3238
7252
5659
2972
5057
11885
7643
4627
9764
4846
2804
3806
7343
8974
8741
8742
4718
4042
6176
5936
1508
5004
7650
2229
3220
10691
6246
4670
2798
11417
6909
7800
3758
2335
3749
9927
4203
4738
578
3314
4185
1694
2547
512
8739
5096
10377
1532
3099
10311
1405
8905
11296
8657
10590
9217
5805
11056
5052
5064
11520
6444
2594
11297
6912
2818
11213
131
2219
9330
2406
2904
2936
10522
2051
3066
1305
9772
7829
3739
5992
11735
2956
1998
5621
6050
2362
3618
8378
11704
10048
1851
2985
8099
8123
10995
1893
2597
1763
8288
8993
11669
2964
9910
6210
2646
6467
10550
6247
6142
6942
10659
4604
11857
1571
9945
965
5209
8372
4649
3534
5040
5362
3639
4602
10019
4243
10354
7885
1559
2598
6531
7937
6757
588
6168
3681
3933
9210
10984
10903
10256
8070
2480
4687
9968
1871
3447
8391
7302
258
11914
3369
8169
4413
1762
11159
9762
2311
7652
2571
10940
6004
3811
1020
11233
3861
5583
7033
7346
1419
8517
4668
4143
9537
10359
9036
11228
8507
5699
115
817
7890
9932
6989
8355
5678
5380
9553
434
7504
1705
697
6203
2186
590
235
5635
1551
936
2212
940
6206
5746
11848
1270
7755
679
4374
8353
1172
11730
11923
2829
8287
11377
9282
8696
1244
97
2887
9255
4151
10122
6405
7337
10807
11384
6576
6709
11322
2794
276
11053
2295
5069
5456
4440
7000
3523
10460
5275
10230
6351
7060
10069
9636
7280
11428
9444
2094
7390
1081
8737
5928
2179
1714
692
3368
9641
445
9788
9392
8183
1037
9484
198
9384
4381
4199
660
1162
6446
903
7027
723
4905
685
10671
5919
7169
2745
3163
4141
9871
10503
9432
9608
2793
3819
4174
4650
11155
4523
8897
6332
3278
11918
6067
6021
8392
2423
11262
4981
8855
8481
844
243
1088
10530
116
7052
8533
10349
3231
9519
36
2040
1416
955
6116
315
1542
10493
6528
3663
10632
9904
487
11133
7430
1116
3624
6676
6190
9051
9576
7022
9145
1012
8031
9100
2765
5966
3117
4695
9700
3122
10295
5115
10993
9573
8198
840
3002
9016
10468
9121
4389
11740
2723
11267
7359
11547
3623
11809
6094
7787
9438
10061
2375
6851
11671
10553
9003
3033
8134
10809
7980
5679
1976
1105
7765
419
8906
8453
11525
2073
11521
3177
7279
1922
945
1735
11321
5698
9452
11959
9316
2162
474
10290
5572
7831
2649
8271
7708
7795
2601
9291
11212
7516
178
9465
5218
3272
5374
504
9934
980
5724
3019
6852
6822
4391
2994
5268
7576
6292
2666
5589
8816
8645
7365
5199
4633
2917
10689
8810
5180
1556
1939
3279
9880
1833
902
7786
6820
1213
7550
3808
4571
75
1238
3548
6594
1925
11940
10728
5049
3028
6075
3409
9697
9557
6436
9455
7433
6373
328
9761
5790
5185
4363
2058
3228
7509
11764
448
4056
2021
3593
4708
4492
11051
7105
10133
3525
643
9885
1236
8114
5617
1307
5700
10751
10445
8893
10259
9402
6120
838
6338
5110
11467
5938
10199
2681
4102
5012
10718
7403
8439
4261
9456
7116
6784
3445
6605
10950
1294
10821
4872
6078
10075
3946
4674
10089
10749
8895
5866
4677
6674
6617
7589
11075
302
1649
2700
2136
1488
3374
1666
11620
5171
1612
9823
11406
5075
3553
1468
451
6212
4824
9222
1025
9311
3140
1966
2512
1189
2349
6793
5229
7883
1867
4635
2731
7441
11652
11650
779
8770
5468
1068
10365
210
7948
4906
5787
4208
6213
4955
5047
1752
10288
4007
3770
1311
7353
1089
2180
617
5132
3891
10296
8690
5624
3547
8719
7615
8450
2128
11268
1894
9105
9811
120
1038
11431
6603
1982
7373
11831
9644
2739
1839
8977
7011
9914
2863
7107
4645
9354
638
10242
47
4967
11325
11285
865
123
4885
1469
10688
11207
9883
8827
7694
2966
8669
1278
8587
10378
6493
4908
5123
7602
5799
8069
11537
1148
8444
4985
8327
7775
6657
3433
668
6522
4194
3644
11778
3614
10115
3025
1945
308
650
1605
4973
2350
7095
1440
11987
2004
8543
4187
1345
8553
8660
11107
10260
8269
6127
7299
954
5535
3893
11137
5872
3176
5567
10611
4168
5950
11086
10602
9224
10348
7003
5315
4495
8351
11514
11964
7639
11347
820
11689
2299
2590
9996
8182
8699
8956
6422
1527
5937
3616
336
1701
3731
232
11254
1360
6298
9851
7340
10983
3411
8213
7160
10818
11186
8387
712
10541
8427
4626
10837
11380
5066
8578
4349
3725
5784
2941
4499
2801
2278
6865
599
4914
8063
11513
7742
10478
2177
9304
461
4934
2524
4634
3913
3392
720
6238
7041
5962
6901
9544
8127
6785
8567
1310
2200
8641
1813
4404
10390
8106
8497
8052
6850
9085
4289
10484
7096
6132
7269
9124
11093
8019
9380
11034
139
1247
1131
5769
3013
10881
10816
2118
10189
7489
394
1072
946
195
6561
2561
5861
8965
9043
5041
337
133
9137
3619
2448
3324
4868
11323
11415
3853
3586
2727
6350
2158
5601
5333
8589
2734
7705
6284
3707
9073
3332
4572
8927
3896
107
1930
6301
6164
8388
6291
1828
8845
3820
10080
3677
4935
1204
10470
2929
7482
7919
26
9958
872
2474
4307
3691
9143
1719
544
3870
7936
6623
5776
10269
11242
10036
7901
5036
1291
7284
5216
4528
9536
5421
8860
6202
9344
7492
677
4897
2135
10476
8197
4193
11534
4983
11531
7601
5818
9020
2604
3138
7214
5614
9618
876
7767
3847
9763
408
5813
11505
2888
9486
8800
1231
9125
8471
7872
11975
7076
10431
1687
8843
4016
11257
11437
2749
6019
9961
2204
7871
2195
8607
6788
7102
1377
2580
752
5939
3871
2070
8294
11610
6884
7559
8930
1731
3291
4989
5758
6917
570
9558
10128
9973
6882
11072
3571
2273
5153
3134
7533
8579
4118
7764
1860
9807
1251
1844
7803
1250
7326
5318
5237
11211
6866
7181
827
2567
3580
8349
7226
5876
8153
846
10456
11511
7161
5251
8564
6886
10974
10294
10305
3040
3179
9019
7259
2653
1207
1457
280
645
4519
3442
1126
3153
6918
10411
6767
3424
6265
3260
7188
1348
3577
8782
1180
7273
6253
693
7409
252
2613
8282
11557
391
8825
8702
1545
1140
1400
5401
10899
6491
7163
11570
6903
1983
1265
9168
10897
1891
6425
10596
5045
22
10231
7715
2270
7892
9123
7815
8180
10462
1728
3178
527
9915
1321
9612
8831
4794
5
8264
4129
10598
5581
6027
3057
6167
7400
7255
6434
6518
8449
8602
5717
11045
3915
6869
2767
5640
4817
9525
8447
3158
11368
3483
9841
5076
9654
6967
2589
8118
3491
9571
3058
57
7851
11558
676
1599
5566
9570
2711
11880
7788
10216
2430
4884
9359
325
2172
2255
5493
6015
5763
10733
2717
3930
3904
961
1188
3549
7466
2796
1337
9706
8024
791
10171
8059
7702
5774
8710
9676
8214
2792
4402
3667
5958
5271
2343
5980
4789
2267
7418
11854
2517
1528
1192
5420
4601
11563
2715
5283
6375
4458
6878
6179
10393
6727
2689
581
1582
5850
6320
9905
6173
146
8681
5696
4051
10345
7865
2083
10895
5513
1518
6108
5795
970
2266
7839
7472
1329
3022
6879
8872
2724
11600
5471
329
9899
2078
11128
357
437
9667
2926
7635
1505
7023
11725
1136
9921
10882
11930
1531
10707
5223
6054
11420
5738
9321
2408
5118
4394
7630
7617
9989
10358
2866
2595
11906
6664
10760
11772
1948
808
10404
8222
286
9591
9299
8000
7756
10193
2881
6069
539
4893
1009
9300
7906
540
6863
6384
575
9162
7398
2112
1401
9037
2922
5028
1447
9008
10362
1096
6720
3207
7208
1802
10853
4290
4083
305
11807
8375
8125
7758
1087
5161
6890
4444
6915
2819
7792
5184
9472
11584
2068
623
3455
8679
4620
11120
8262
8367
1266
4830
1862
5116
2306
9440
11165
2433
2216
8676
3245
2990
3054
7987
3501
8417
9649
2828
3318
4052
7760
4603
6295
8154
2981
2476
11622
8616
7745
8652
11171
5612
3999
11482
5197
11142
5674
4698
9063
7172
3358
2773
8732
4084
6121
4453
9367
6197
5726
181
2676
3760
1378
2970
4551
10135
10931
651
8081
7966
11917
892
205
5143
5177
136
5403
9265
8429
8551
11364
265
7121
270
3689
11840
1702
8038
8459
2928
8879
1375
9625
148
10113
9257
6123
7603
2752
3906
1504
1888
7152
6719
7957
4165
9261
2823
7393
1144
3665
11188
3073
11455
6622
4154
10046
11928
9963
2534
10350
2933
6968
11084
10893
1614
2705
5288
7526
3014
637
4017
7286
10577
3982
9606
7073
4896
5021
8227
1858
9000
5609
2525
2838
3486
6294
5094
9812
8903
8591
4759
4456
9906
6524
2319
5920
10206
7512
731
9090
3519
10938
10627
11865
7895
4871
1077
4372
420
2657
8337
3670
1371
10969
10301
10697
2768
85
2246
1944
8838
10880
1154
929
950
5256
7354
573
7657
5808
3038
886
9917
11948
11787
7142
6109
11436
9815
4273
10887
5902
725
8042
4614
2639
9800
10675
6264
11502
9332
1033
9635
1656
6233
4590
701
8256
3150
9429
10008
11016
3957
8832
7805
6870
1825
6586
2687
2861
11433
1864
4057
3970
6149
10951
10363
5350
1708
7088
1316
10395
11915
7103
7989
9165
2252
9562
10766
193
8163
3093
11472
5847
2489
4101
9810
5477
998
11784
5323
541
1317
6895
11042
11232
11008
9241
1455
6868
569
9819
9850
9668
8110
10170
7099
6669
8828
9310
2780
6986
3818
10417
71
2697
50
4474
2641
1085
8428
10463
1707
8834
9273
568
628
10058
2521
4611
2654
6262
4767
8966
7726
762
10246
9825
1607
9009
1439
6506
7108
1406
1002
5499
5548
2862
385
5033
1877
11423
2544
7748
3829
5807
2160
6494
1635
10104
9220
7186
3346
6183
11694
6496
9966
6364
130
10980
10091
9884
6273
3481
3696
1092
3922
2635
7747
9416
10695
8668
8316
11247
2110
904
604
5107
1772
2287
4293
8532
1936
9642
11469
206
8285
6737
5978
1206
4481
6205
594
7555
1346
7194
8030
7363
10973
7243
5644
5783
4422
9743
8240
675
1477
3041
11129
9018
10157
1412
3360
4368
9464
9709
1425
4721
626
4699
3711
1382
1004
8393
3271
1870
10279
1193
11298
6977
1104
3174
5369
703
2903
7644
3303
11448
4190
8572
11878
3521
2091
10051
1742
10140
1898
4061
8207
6948
8677
10773
8685
6157
2251
9171
1610
1362
10721
3086
5996
3877
2691
4354
9280
1338
7157
4869
1388
9922
9245
10546
9785
15
5098
785
9561
8666
11104
8418
1872
10930
4082
11516
3812
9889
8758
8342
7945
5676
5291
4419
7737
9271
4891
10179
11229
11879
8204
7456
2036
7367
11835
5366
2807
5892
8071
7648
3342
9389
7475
1044
8600
10824
7964
9887
11701
381
9867
10954
1066
10084
11691
4636
952
86
3907
6768
3862
10825
4161
6228
7046
4617
10684
10064
4081
3650
6534
2463
10218
7586
2159
10335
9474
2986
1095
1512
756
9638
7706
2414
1555
7310
14
9141
6411
11921
5974
8697
5163
3704
4288
282
3589
2243
4771
3142
4140
167
6285
7437
8984
11920
8089
7610
9033
5834
1953
62
6287
8290
5734
8080
968
2052
5638
5167
3848
2365
4999
7056
8239
1496
7626
10169
10745
380
199
10297
5885
390
5120
8605
4489
10289
10516
9982
10313
6796
4594
277
9106
7551
10937
11407
12
9089
4001
2107
10848
7676
5944
6431
8129
4248
4702
9371
1874
2048
11014
5506
1796
10096
207
1008
2071
1800
3911
3188
4352
654
5287
10389
2707
1788
967
761
9399
5669
8808
7307
3690
7709
2018
11430
6256
8954
11711
691
301
5618
2998
8670
6438
5874
7678
1075
5024
8272
7487
9627
5370
3856
8492
8717
3290
8369
5686
269
3563
9903
9738
2226
10725
1023
5088
2586
3967
9749
5637
683
2630
5377
7372
5068
7179
8588
8790
3545
11955
3688
2413
8211
8534
3351
11994
8915
11573
4409
1470
6239
2264
3764
9637
2249
3298
1756
424
6533
5368
10286
1697
815
1112
5965
8728
11119
4549
5383
5856
1920
6033
8784
8028
1775
7735
6970
7318
5344
8209
4797
7364
622
995
3801
6853
8712
2260
773
2171
11198
6677
409
8097
9178
7992
7030
5553
6099
343
4688
10033
2221
457
11583
4009
1361
7654
10615
9672
9752
4921
6763
2701
6376
1173
6408
7861
8550
8498
8665
11981
5220
2620
1493
9556
6945
5760
2799
8904
2481
6958
2103
319
23
6257
2241
8077
7816
1232
6593
1766
2247
7984
2560
4386
1627
1220
5125
5977
3996
3487
5267
2848
11698
4629
2347
10217
6279
5279
5655
5135
4033
7097
2280
2612
10010
10905
8529
3842
5034
1535
2106
8713
9723
2732
8187
11752
417
7763
4968
6393
4334
2187
8811
8389
10628
5521
2553
801
3224
7304
2169
9264
1253
2037
4176
11783
8005
912
7572
4566
6715
9605
8663
5325
4371
9117
3745
4235
5721
10542
3753
110
8150
5222
4300
95
3727
3277
1454
7712
4938
11864
1517
4561
3383
8132
9434
1177
7274
8896
6087
1053
11796
2116
11172
2399
5972
6626
6337
10563
5438
11970
10581
10101
4756
7455
5534
11541
4986
3543
7859
2640
1805
3474
3561
2386
8408
1783
11007
8301
1215
3997
4169
10936
2937
6003
7777
7653
10680
1624
3800
4534
4960
6956
11976
2067
4215
7873
4133
10085
3680
10785
6564
5889
9466
9446
10357
8317
11776
6501
1769
3076
9859
1503
1722
4373
9505
4754
11580
2730
8400
10986
3111
3562
1547
3406
4242
6771
4445
7837
11266
810
1578
368
6314
2340
11629
6220
999
9775
5080
3738
2683
6007
9679
6319
1986
4157
1960
3632
1422
8151
142
3388
11753
11895
10123
3382
2708
5651
5775
2782
10927
469
10601
6634
4155
1897
10432
2712
9140
11575
1046
7725
9595
4012
3244
4887
3880
7525
11680
6293
8871
5448
112
653
11270
5707
435
6117
4104
3789
5908
4959
2283
3846
4037
6457
2453
3191
7358
2417
3380
8048
3852
1548
10164
5979
1640
3845
6764
9405
7061
1670
4472
5440
8662
5254
4321
7361
5824
2811
9214
6032
8637
10711
6114
3320
10342
8036
7017
8970
11458
4874
9735
4530
1544
895
2973
3743
543
10495
3215
6497
3213
7156
3897
4063
6635
10322
1993
11284
11471
6158
8573
10223
5575
6802
3995
8499
10165
4439
9284
10666
5428
10429
7040
750
1040
5517
1991
6084
8402
831
8967
8877
10932
4471
1515
1273
1747
1511
2207
4741
5817
2943
4993
5082
9601
5494
9266
3931
4945
851
2105
3063
3935
3517
8823
5008
10776
8836
1463
2596
6135
2602
1379
2297
11463
11092
8796
11059
4467
11280
6402
6252
2449
7981
1090
8599
10730
1499
4615
5496
6395
2142
5848
2079
4950
9469
11890
127
2240
11585
3302
379
3757
294
9948
1954
9533
10109
1174
3006
2675
1372
514
3021
7717
4385
3701
6725
7314
8939
6222
7035
1814
11526
6047
6077
4256
2997
3020
8322
4365
11846
9433
11844
3098
9624
2978
6074
8312
592
3527
9202
3954
7727
3900
6193
11356
7449
10781
7135
7216
7900
8849
4717
7067
9980
6919
1597
2412
9341
2063
4200
1746
4508
9967
8425
9414
794
8646
8768
8750
5949
1835
867
3955
9816
7148
7545
557
6525
10653
9058
5202
7166
4144
5480
3718
9
2385
10042
7716
7271
4490
1579
11889
7197
8067
9916
3857
7323
4711
7374
1069
8094
10911
10750
9107
1799
7101
7888
3372
378
8874
506
885
10035
421
979
11221
684
3902
11089
7298
9027
9292
7663
5467
10371
3781
10716
5664
7381
6005
10457
7117
1540
8917
6686
4586
7241
2284
10708
453
4554
5129
7460
11904
5032
854
59
7112
2258
8190
5731
234
7620
7843
1027
7962
11389
2636
11852
7827
647
5396
3655
4656
11922
8711
9153
8281
9002
8320
11113
11518
11398
10906
1396
669
8409
3833
3490
6787
5230
10594
9221
8571
11049
3196
9720
944
4988
754
9578
9893
1151
333
8133
972
7796
6477
5961
2167
9742
4982
1205
893
941
10989
7920
4919
10480
1276
6572
6559
5297
9894
2513
6633
7503
1432
45
8404
392
10736
4658
635
5713
8309
3364
5597
11139
10360
5203
10454
2054
6130
5417
4735
10885
5645
10884
1498
4518
2722
10380
4184
7158
8700
6795
3419
2911
4486
3197
7442
3027
1005
3426
7477
10402
165
10823
4521
4090
473
11193
9144
10346
9499
1990
836
2431
6587
5587
7080
8761
7546
3000
2779
7736
9296
9998
5227
4183
1366
7133
4574
1513
733
6973
839
5711
8085
2379
7944
4541
3222
4524
6429
7212
382
5111
5007
5243
9004
11684
7436
4821
8104
2072
5668
5823
4166
1683
10768
8594
5630
361
4457
818
8923
2407
5261
1059
7959
2209
7147
11489
11705
6439
2225
1201
8014
5355
1693
9993
2545
4904
1029
8171
5224
11096
8280
9110
6514
5426
11226
1397
3505
4142
2095
3949
860
3226
11767
1262
6823
11316
672
8319
5349
7127
1760
10787
4421
7497
4583
1848
1073
9322
517
6012
2679
10117
10232
2275
9586
620
11397
7961
273
5487
9639
2668
98
1438
7757
6930
2269
11317
4328
488
7667
3841
10492
7530
3721
5545
1052
9877
933
1274
11654
10929
830
6983
5864
4247
9628
10633
2538
4459
6372
5388
6885
1725
9929
7256
2507
11581
4882
5351
2647
5994
2435
2924
2747
787
8053
11180
7903
2075
8569
11346
6458
1208
11859
2033
6682
7931
11218
11314
8636
10013
2308
3836
2549
1634
3206
7415
3700
7251
1200
11714
6685
10220
4364
8237
3895
5660
3790
642
6600
475
11609
4595
958
7009
8249
696
11982
6960
6592
3061
11868
11216
3438
9836
460
616
10638
1268
9837
2967
4642
3166
3052
4367
2005
1988
2629
8488
10413
9340
5079
49
6510
4032
6893
3977
11905
624
8037
7078
3216
1738
10987
106
4929
5091
3241
9503
4725
24
11973
7439
7543
1854
5014
1212
8051
1149
7568
7294
11837
11706
3766
2810
1191
5969
7752
8434
3202
3182
6386
4770
732
8847
10421
10177
307
10644
10765
3268
5580
10958
11615
10521
3546
1770
11154
11945
11566
2791
11811
6941
11385
4747
6548
9184
5602
1319
9986
4706
11376
229
4556
8394
4378
11102
10681
7878
5869
9790
10639
1595
8801
6505
4557
1865
2210
2485
2203
9972
986
11338
8188
3958
6255
8232
10443
2565
6759
5792
7427
3124
1913
6924
11686
9334
8339
538
3261
3872
555
4740
4350
3529
9962
5537
10774
8857
5871
5293
1549
10198
5584
5932
8066
6297
10580
7753
4512
5901
6367
11330
8223
8692
1398
716
3050
7833
6366
150
8088
10722
10418
3072
7237
9363
11491
7488
11670
3248
5768
423
3916
5253
2429
10192
3017
4406
7037
8769
528
2593
10723
1985
10543
7288
9692
926
3429
2488
9061
2588
3401
4123
3289
8839
1781
7858
3698
4309
2621
9716
3484
8502
1227
8004
2658
3692
4018
6532
1923
5504
10250
1879
9513
8516
8757
5986
5357
10726
10655
11618
7513
5453
4019
4930
7651
5290
1214
1323
3630
187
520
4159
2432
2573
11275
2314
11651
3131
2900
4160
2454
8315
7351
9794
9781
5591
10308
6648
1070
4346
947
11487
8853
6306
6830
2450
10381
5485
3403
8881
11826
9333
9420
1078
1629
5666
11993
2374
5332
10243
7047
2253
7447
10427
2771
4637
5019
4532
5327
5985
5164
9997
7168
5286
5086
6949
5912
11157
655
4903
3129
695
1968
991
9205
11995
3508
2522
11504
5367
10740
2867
3495
5957
8555
8001
985
3817
8747
11217
690
10529
11947
1395
8570
7231
9754
10093
1850
10188
11065
2291
819
6407
9059
10525
10145
11664
7006
11335
10677
559
537
11124
9174
11856
11700
2673
11253
5347
7242
11597
6471
2890
6083
11
3402
3079
8440
8958
3115
158
397
7384
2511
1774
4149
4260
1698
3259
8561
3032
8850
9030
8176
5691
5179
5880
209
3963
7376
11875
2398
4397
9360
5084
4333
1845
4436
8947
2395
5853
334
11985
6310
11538
9005
7348
10277
928
938
850
6750
3987
295
6106
11655
6250
281
4475
204
6336
9722
9600
8205
3890
4971
10700
11071
915
9733
5416
4956
9678
8804
6708
11110
2951
10186
8844
3235
3103
749
8688
4357
8131
925
10163
2974
3876
4270
2069
179
583
3114
5988
9661
8693
6799
452
293
6925
974
10551
7193
6308
3629
11991
990
279
9555
4734
2984
1223
8764
126
10843
10424
1240
11805
8924
1737
9522
61
4795
764
6833
10057
8231
11577
1909
4478
5626
9684
6914
5558
4710
4329
9404
603
5017
4860
399
6673
1479
11892
5503
1919
687
10467
11824
5406
9283
10591
5757
10464
1169
11201
5272
11759
4296
987
6305
2328
9077
8766
2776
4284
1757
9229
3334
310
10353
8457
9383
6939
3815
3941
5300
11738
3705
2458
10978
9888
9021
10753
4097
8412
80
5857
3617
6509
10568
8876
10319
9597
7045
7819
9508
3991
1525
4072
8347
11593
6043
3976
11222
10239
648
3748
10786
4812
2960
6831
11544
9166
7611
5455
8882
2393
704
3950
10032
905
9071
509
2220
3843
4781
2279
11731
8727
11806
1011
4659
4477
1393
3011
1564
6871
1178
8108
2368
6624
3710
10996
1211
5755
4894
11943
6598
5395
7841
8942
2447
7178
4793
5176
1566
347
8268
7972
8552
11696
6557
2353
4130
7232
4619
6654
2173
4272
9512
3186
7110
2983
11341
11184
5148
11349
2211
1554
5913
7670
4259
4841
2603
11308
3053
2415
8433
6490
1254
7422
804
1584
713
2042
8698
5422
1792
9439
6607
6575
9278
7043
9786
6035
55
2452
10119
10894
5684
7479
2497
4932
3960
10153
5815
4783
8438
6980
6508
5835
9547
7641
1300
9852
8474
3981
11887
8029
2587
7542
10398
2555
9480
3582
3030
8629
3418
5250
7894
9167
11001
6459
10072
398
11845
6495
2093
3375
8511
2947
3008
10214
10194
3478
1487
10866
7780
10126
11018
341
7629
5382
6880
8258
8585
3555
6841
1049
4751
9103
5284
4766
3673
9057
2606
10739
2383
5832
10829
11313
10608
6451
2971
11788
11782
627
1127
8537
10021
9272
11185
7151
4269
5910
4787
4119
3323
2087
1716
2743
2333
6209
1534
465
6665
2208
6105
4283
117
8423
8335
10795
4267
141
2469
4941
1102
3159
10029
4531
10890
3454
8866
11361
10083
9216
1111
6345
10356
2400
5810
9622
9370
8928
2115
625
11588
11936
10215
8359
9550
4249
2872
4482
2126
9327
8230
6119
9902
8848
766
2688
5685
3329
3009
9373
7462
2592
894
8566
2164
1471
1297
9191
6455
1962
11048
1342
7721
5896
7352
5627
8430
7810
1216
1869
6392
9353
7963
1927
10240
6
3560
1562
9994
2852
6867
10748
1706
11074
292
1363
6536
2884
8109
4239
10533
3661
932
2214
340
6469
6290
4210
9782
10285
6427
6473
740
363
8735
7360
1591
2002
2117
8111
826
4639
8830
5217
10011
1289
7975
4205
8018
6036
4849
7696
7019
5174
5156
2582
2150
8373
6602
3741
601
9835
4686
7672
7029
11661
9688
11602
9445
7247
3147
719
5106
4547
8518
663
9847
7703
4265
1048
3924
5955
1622
11468
763
4888
9959
3065
5173
6812
9397
2215
8715
6461
10248
9111
5476
10729
7840
6660
2945
2440
1
5723
2144
2548
10637
3590
7953
2092
8181
8307
1199
11461
1108
456
11608
6551
7217
6631
9729
7316
11800
9911
9907
2475
4180
5547
9199
11728
5722
8725
3728
835
9226
8455
7659
7199
5771
2259
4803
11393
8506
8900
11515
8055
5639
11029
256
10339
9891
176
10755
2016
1647
11111
6604
10373
1904
2786
7689
6412
11265
7686
1196
1063
4496
4922
6465
2326
4451
11126
2342
1836
7470
6703
630
11582
374
9186
8218
2154
7938
6312
10860
11230
6658
3123
9095
7751
4424
9413
9890
7923
1601
4842
5062
564
9713
3450
312
11560
9331
1079
8565
11483
800
6792
1021
5244
4196
11441
11969
3706
1118
6359
479
2785
1246
1661
11088
8416
8452
5716
11638
11886
6042
4675
81
11373
913
3139
8221
5608
180
9427
1039
2261
2369
4236
5820
314
8975
11786
9198
6126
2238
3400
5729
6541
2184
4777
5750
8630
11378
6976
1778
6733
1312
6448
10130
1146
4170
2948
8270
11370
664
11977
1032
9463
8730
7929
11911
7230
6517
125
6051
4947
3211
5828
1210
2424
735
7624
1441
11492
3265
1113
7623
9870
11263
5611
3652
9422
2331
10833
4536
3192
4008
6966
11540
2716
8366
5546
10185
1018
5915
7926
5765
8458
396
2499
770
5561
11205
1308
5490
10831
3288
4292
2920
8379
3031
640
6835
510
10120
1806
597
8787
4910
2227
7877
1903
10714
8305
8477
7501
8998
6570
7519
11962
4015
6971
948
7991
5193
5543
870
11486
6692
11400
1252
5538
1695
849
4701
10238
7106
5654
4769
2763
10392
9863
5893
9129
4858
4742
9840
1336
8415
7993
1237
5510
7596
7822
5899
7638
6137
11690
4567
4093
811
4836
5863
7577
11017
5948
2080
7917
2912
5399
11410
149
1837
4004
6652
7783
6661
5797
404
9510
9898
2439
7380
2370
9549
9990
11271
7609
4134
5277
9985
8540
1790
4577
9647
7766
7426
10320
7287
9279
2805
3556
2486
387
3883
10764
615
2564
8554
1771
7464
5739
9830
4679
8485
11951
11035
10854
2372
11256
8138
8026
7701
5968
1129
10648
6357
6988
11924
3807
7914
2982
2498
11412
5194
8466
587
9403
9151
11623
5862
11238
7407
7189
3669
8122
1703
8721
4237
2471
7707
11105
8859
535
6232
8598
11662
8445
1847
7406
3588
5693
4991
7383
6383
4040
6908
3457
9751
8920
4461
6683
2233
1669
9702
11061
8943
11546
3640
8934
2493
7569
10425
242
4513
3676
1414
8809
5641
984
4060
3909
8628
2787
9971
9181
4900
8255
8147
8680
1643
9249
2155
5590
10597
11524
2109
5360
4319
2559
9163
2813
6818
8526
1857
8242
9398
1793
8116
9765
1856
4984
1530
2585
1060
565
3251
11626
1217
3309
353
10588
6155
3195
1142
6214
3097
5376
366
1961
4760
8200
1797
10423
9652
11006
4610
9490
6678
1721
10086
10914
10915
7997
7541
6552
7940
7303
9977
6649
8623
10673
1676
3035
11283
2205
3275
1475
7421
6095
7264
6910
4327
9045
2206
10814
10609
3125
9435
4618
10272
4384
8035
10997
7336
10859
6188
1618
11387
2543
3510
951
2955
6180
4206
7402
10245
6024
100
5225
1751
2674
10055
7229
10524
8025
6679
8120
11219
6181
11791
7267
9014
7086
285
10946
5006
10706
10643
7368
7820
6086
5400
11641
7445
11287
4902
11817
2090
6943
46
11941
8706
3948
3715
1946
10540
7300
6791
10312
5662
4683
9518
1510
942
9132
10617
5314
7597
1164
3798
2410
1675
3232
6749
11276
5822
11485
5868
124
4779
8932
2846
2307
2685
4366
9517
6801
8142
6313
2616
6334
8686
7471
8064
3293
8756
25
5989
5922
2939
790
1935
5010
7478
10844
551
3250
459
7927
5363
7813
8892
6091
1804
5260
898
3779
10112
1838
966
7013
5844
596
7868
4720
4156
6061
1458
159
5516
3229
0
8991
1067
4520
4078
8978
6597
8982
6475
2387
10991
3306
919
5941
8306
10211
2719
9613
11532
9712
7109
5495
1613
5536
3754
4862
9323
1815
1682
9491
8780
5452
7141
5826
8341
10949
1803
3788
9748
4109
11000
3889
83
4726
1660
6539
10979
11843
11453
5083
7119
10037
3794
4546
2622
981
4240
6529
324
2501
4581
3322
8673
10045
5155
3703
7583
3780
3432
507
2505
1911
11612
7898
4469
11426
2445
521
7776
8748
5628
7785
8344
4818
9451
5361
3353
6806
9935
11026
6732
3405
9805
8135
1490
3439
6382
10510
9653
11040
1829
3592
9104
349
2969
5345
6717
1036
8105
11797
8463
7666
8620
233
6978
11771
4405
4714
2923
6097
6695
2137
5839
9609
10428
6599
3740
11130
486
10658
10539
8953
11762
6377
11192
656
7884
3452
7144
3666
8460
8304
2661
6585
8778
8558
2918
8376
4808
2831
498
6990
278
1384
9552
10674
5269
9134
4593
56
2670
8798
11509
10926
1984
2667
9149
2434
5761
4944
8495
5753
5196
9470
5998
10111
6832
9944
5011
484
8443
1949
1281
5060
9617
267
2633
377
2446
9054
614
9886
9795
4427
7669
3266
1664
4898
3168
4752
1798
6224
4383
2122
7118
11409
8504
5877
431
3535
6969
5379
3258
2554
8854
10883
2401
5616
11643
1630
6017
6013
2991
7616
10715
4360
5997
10877
6783
4974
705
481
10161
405
4438
5588
11182
6353
5568
7236
3417
9294
1918
8799
7575
5999
6651
11900
6584
2651
9598
10053
6394
11870
5058
7463
8143
9154
11768
5613
5622
2958
6888
9768
9066
4121
261
10014
10555
10840
6535
5444
5830
1367
10701
11510
6751
9873
2425
7211
1334
10455
5016
7714
10641
9015
3363
6211
7324
3212
10570
6346
4724
3929
11204
1989
9114
4450
2909
8613
659
9584
10315
2028
9074
757
2841
5488
3118
5309
881
5121
7952
3662
2989
2563
10891
4147
6227
1875
10374
7171
7720
11986
9312
10139
249
7656
5951
3326
11756
10026
8883
2293
841
4172
5090
3723
7932
1537
9372
9705
3092
3060
2007
5930
4045
5215
1495
1744
10535
9246
6064
9715
4294
10375
2088
9287
2358
5514
1827
7960
7335
1183
8634
4313
4348
11642
11628
1332
2878
2663
8192
11011
8548
2778
9368
11794
9239
7835
5570
8873
8263
2436
6486
11339
5525
4995
10450
1030
2141
11419
11359
8047
2886
3257
2461
11606
7220
7396
1001
2656
9936
930
9744
11118
9695
7032
6922
10850
236
11055
1818
5798
8374
7339
6555
11196
3679
4411
3145
11272
6315
7955
6808
8614
10324
11336
3572
6582
240
10956
3651
1590
9098
10388
3451
1421
6642
1677
497
5550
11657
2556
8173
10419
7114
4895
2320
8864
4435
5648
8265
2699
6613
2364
11488
9233
7334
5346
5077
11677
7950
5166
1726
11125
7414
3664
4646
6288
7338
4597
3047
1176
4323
4498
11475
11069
9011
11719
4671
3966
4303
3227
1972
9308
5138
11060
9757
556
1277
10509
3102
1399
6025
6567
6304
6276
11676
327
69
877
499
9454
8161
11802
10149
3759
2935
1003
11090
9960
6352
11141
547
9013
8032
9177
1365
6002
1125
9130
10159
8363
4338
6151
1557
9868
2665
3337
7098
4961
3522
4825
4975
3001
4186
6887
11565
10136
5898
449
8674
9076
1263
7634
8610
3567
10647
11539
582
8016
2504
1094
4330
7704
11605
9138
1784
196
11295
4297
633
11079
9182
8167
11535
9462
11327
10203
4641
11883
10262
11032
6845
6938
11101
11333
3493
1404
9645
5852
1242
859
7182
11340
4491
6860
4786
4784
8340
4414
3506
5157
11169
346
10704
5886
10267
2551
1650
8916
3837
9315
11456
2460
2022
7125
6591
8210
7438
9596
11823
10158
6794
4875
5472
9441
1536
1284
11953
1451
6201
7925
7431
571
8233
6637
10558
9209
6975
1045
4643
9188
7235
10257
11744
430
1028
8146
7529
10528
10103
5151
4612
4560
8987
11876
11766
11718
3504
3330
8318
4883
2876
10682
5704
3708
2631
11223
3608
4745
2874
4507
9044
3687
