9686
3186
9231
5875
5440
7445
953
1234
5989
1556
194
5592
5495
11050
4529
451
8936
8828
622
9034
1595
9355
2896
10106
7085
2119
9247
6109
8303
4664
10915
365
3195
4585
4369
6936
10415
4847
10409
4923
11296
10182
1353
2851
2007
1588
10077
733
1515
2454
106
428
8130
6110
4384
8592
7074
8320
8678
8672
1897
3212
779
1430
4752
4201
4660
1868
11353
5930
2537
1511
7265
9377
9061
2530
11883
9475
7533
712
2874
11162
10175
11482
11159
4856
3604
9424
4108
4941
8159
10573
10104
121
10474
2885
7853
1201
2633
1480
3951
11198
6755
8757
2161
331
6452
7759
11903
11695
9599
11184
2021
4441
11299
1596
11985
9810
145
10251
70
7186
10082
11658
9525
3980
8225
2028
1666
4929
9436
1125
9443
10531
9780
2564
6572
3109
2217
265
3771
6427
4857
2619
10072
3388
6418
9683
4398
8547
10588
2219
6736
1456
9364
1629
447
7788
6306
5319
6015
8448
11733
5083
6115
11019
10792
10932
6901
10753
8888
8538
4311
7911
1469
7787
6931
2966
6506
1097
9927
1371
6096
438
782
771
11205
8478
171
4463
135
540
8405
10682
11342
512
4293
1751
513
2806
6642
11756
6151
5231
10511
9397
206
2844
891
5996
6126
9168
10435
10056
2231
7474
4991
3802
11431
4950
1525
4468
4710
10618
10732
8715
8646
7066
8681
156
11743
4911
5509
2699
2127
7541
5525
9840
41
688
3557
808
3004
10241
7957
8394
2848
11309
2724
640
2091
1323
1310
1930
9291
10214
8068
1299
11390
6352
10232
7894
2477
11633
5235
8761
11226
1611
8521
3049
8762
10978
8481
6777
3462
6499
2315
6567
5769
9566
1019
9297
10659
5567
6717
3868
2667
626
11990
9109
3337
11928
3137
10979
6461
11779
4022
5966
4940
319
9501
3283
9850
11879
4345
4352
8665
10153
4638
8189
11149
11788
6821
5491
6011
2466
7808
9390
755
3030
3599
828
10026
2368
7287
6719
9195
4391
7363
4825
11760
9370
9526
6321
10227
6342
5940
10193
1233
5139
6359
240
4114
1197
7795
6980
3408
5987
9692
6197
2301
9856
3948
6493
7322
8267
1573
10747
2985
6793
11049
11374
11400
2330
11624
5040
7370
10577
10634
3671
7708
10215
9161
11838
7668
580
2256
4032
5793
10318
3263
8704
1716
294
6523
8677
11440
2421
7212
8565
1185
7342
2598
3270
6531
9701
1387
1923
588
7992
11651
3803
3626
2794
6150
5748
1817
5182
3034
11123
6211
2843
11110
3969
4252
8325
8973
10597
2308
1586
2614
10727
10441
2777
2710
328
9874
8079
11092
627
6153
9583
5560
3660
6363
2251
1972
9637
2616
1803
11157
8167
9427
9044
254
1997
6964
2376
8735
8852
3721
1152
11717
10791
4504
5856
5091
3944
496
10163
4095
8535
8099
3274
2749
9131
3865
11603
7760
3113
3843
10654
8378
7007
525
5869
314
982
4695
4343
1303
3117
4880
920
11250
6631
10256
86
10019
1270
3013
6977
10806
6833
7652
8148
4760
7003
3323
9383
8867
407
9313
7937
6124
1462
1420
295
8455
1474
2456
2160
5457
3828
9220
1592
27
3339
9520
6073
47
11768
11211
3677
5834
11080
2025
11887
7350
5005
5982
6412
10422
8544
2510
4179
3888
11134
2840
5877
3346
3640
6548
1493
7194
3015
4979
4610
11418
11571
10115
7217
3356
2744
8143
11025
2956
8454
5023
3715
10243
10487
9249
4381
3136
4714
4209
10494
6986
726
5458
1859
1724
5764
10872
1497
2763
10485
3239
4721
7686
8198
10229
4038
8557
5423
4218
11907
6268
8046
1442
1746
10443
6030
3352
6579
11317
10770
11619
5878
4013
10988
10010
651
11785
722
5472
3397
11224
6491
6869
219
5642
10569
5289
5400
3127
740
5211
2182
9330
11939
10102
1984
2979
6546
10282
8938
8181
5968
10184
4402
4380
5341
10930
3932
1272
11778
6535
8391
11396
2135
1851
11560
7426
9793
8505
10365
7715
1555
9269
161
11486
8114
3235
3102
11716
5815
10393
11146
10140
3244
4809
5186
4363
7540
1951
2654
11714
2722
8473
6095
7594
11047
8005
954
5047
8480
10030
8705
3786
7684
8589
6227
878
894
5082
1166
11253
6989
7624
2914
10871
11943
6743
5616
1252
1229
7029
1541
8069
3176
8052
1506
5951
5071
11855
5011
10525
137
5913
10437
10053
3501
3904
7545
7658
8
2853
11369
6847
7103
2605
3894
337
8874
6649
3440
1160
5654
8345
9929
487
3902
3475
453
7672
489
7706
4354
9025
9560
7413
1367
9301
3581
9675
7173
3675
6035
2646
11702
9663
185
10421
5730
2712
8880
3873
4230
5586
7152
11715
3672
655
1326
3731
693
8540
9589
1566
10427
3563
17
1064
1547
6542
10545
9727
5485
339
6902
2871
2910
6492
7504
4213
537
11515
71
7065
2725
5488
11811
11177
6563
6423
123
2026
4685
3299
2761
2960
6270
1576
8323
5016
5034
1809
6187
8887
9631
6918
1235
3587
8576
1000
8748
5037
3540
9474
7183
11643
10032
3460
8170
4297
8560
5194
6955
1412
4819
9606
18
4073
6463
4993
960
737
4797
9728
9121
11254
5462
6684
5611
8202
2313
5835
921
1204
5146
1953
58
2702
1761
3580
983
7595
11206
8222
1177
8528
5177
10840
2626
4030
11094
3735
7634
962
11012
8258
3867
948
7382
7518
2309
10442
2863
9056
7381
11542
6343
4482
5062
155
7863
9875
9815
2670
2495
8771
4754
11914
1605
6326
2424
9132
4254
2737
7948
7548
11344
2070
5397
2155
7310
1509
547
6545
11762
5946
7895
8533
8626
360
10630
4934
2261
131
11957
9022
1054
3318
3241
4033
4084
6641
3856
9038
2776
11765
3480
11493
2364
8976
11066
939
8233
4479
11968
8302
6291
290
8740
3582
8993
6837
10399
10877
11621
1827
3307
10076
1117
1948
11705
4275
1422
8992
9378
477
2243
4905
6332
4640
11547
8479
3181
3769
9087
5417
996
7669
2623
5977
5906
11279
4269
1283
7818
9944
6219
3009
4841
9406
1628
166
5463
3720
10001
5189
6525
5802
11844
2148
2939
5360
955
5025
10591
2097
6658
7107
1013
6997
6657
6681
9973
9556
8721
9820
8768
6607
8077
2753
5159
4622
9007
6298
2952
5482
6886
3567
4076
2593
2509
8791
2540
10720
2862
8814
7886
5361
2525
9930
11585
8456
6318
10400
8940
2996
1344
1342
3959
6784
11769
8601
5380
10572
10217
4010
9342
2475
10837
4649
6753
4981
8265
1771
3253
378
5193
9592
10062
6366
4974
95
142
6691
9529
3651
852
10779
442
10897
3152
5945
2948
361
10698
11579
3799
9480
8620
3961
2686
1465
993
11153
9880
8825
10714
10486
5373
10512
7060
7732
6445
11545
3335
5510
8154
2084
5015
3258
6775
3840
4654
994
6155
8489
5106
5705
7954
1520
11567
11988
262
2796
5431
6529
6337
8385
6301
5494
9460
10091
9518
6941
11410
7930
4464
914
7606
6147
10041
3830
9139
9258
1536
5226
3978
9346
7172
11807
10663
10535
5563
191
4543
7538
6004
2775
11511
1877
2282
11350
492
2194
9512
11408
2727
11284
11454
11338
8491
280
9711
10824
2890
9102
4863
8510
5069
6053
5114
11541
4573
5718
6374
10131
4465
3768
8428
1467
466
5135
4160
7210
6874
11525
10715
11766
3111
1659
509
8195
5905
11675
7000
1882
3608
9576
9374
10446
6842
10004
6929
3633
153
3340
10162
5954
347
124
8241
4997
654
2238
11312
6672
11358
5950
2628
11561
5010
10923
3591
446
8339
11759
6397
6026
9336
8719
11540
9103
3754
8744
146
9228
10547
7083
11526
7605
11326
5406
8330
1249
221
6594
2173
11534
6116
5315
1156
5480
6726
6771
9923
3209
3285
10260
7956
2157
11379
6721
6843
5254
6861
6502
8188
3467
6104
5416
7659
11210
10362
2131
8216
10093
7757
2558
9775
652
1610
5960
2878
2506
8837
57
6696
9869
6262
6934
7303
5060
9300
9613
8603
1478
450
4855
9837
11685
10620
10498
4175
6503
5196
10279
7273
11327
396
4376
10833
10759
9886
3260
1373
10094
28
6380
4056
4271
4393
4037
6092
11139
8156
3147
3650
11304
10317
11427
8523
10430
10784
7280
8057
10263
5780
6137
546
9740
6610
11119
7341
1321
8317
6277
8237
11023
10285
10529
6801
7439
1183
9316
6267
8856
11550
8520
4317
9624
5347
3452
4886
3627
11617
6947
8051
945
9484
1008
9409
3949
919
6813
10690
8747
8866
7514
3146
3763
3064
7556
2645
11961
321
9275
2553
4637
3225
8549
10005
6792
1241
9878
3180
1355
5842
11365
7269
3502
8934
4289
2139
1184
1599
7618
9726
11951
10040
638
10333
3112
3761
8974
9214
11631
4133
3991
8113
11230
3821
2164
4840
4817
2643
10444
7434
9486
11029
6034
11155
1634
5871
3792
9129
3593
8698
11154
11583
7629
1653
9366
1294
4261
6169
39
7627
10003
1165
1980
5961
7470
10868
4164
472
555
6659
9242
6101
1084
5324
5173
4203
5621
150
985
1091
9262
1561
11406
6462
8229
3532
7900
8278
8284
9502
10963
182
6876
2762
579
2354
10891
65
2613
10644
1308
8607
7475
11563
10107
8708
5365
8091
5238
746
5066
8971
7756
10519
1695
8474
6879
6232
9367
4298
7320
11835
10898
9341
5956
995
8977
5103
1765
4325
6200
1
8300
3386
11849
7799
11871
10384
6644
11290
742
8793
5241
7855
4339
11663
3282
2450
4024
534
3
8442
9812
6957
5210
9924
1587
3764
476
10537
5044
1778
4650
4983
10985
934
2400
10174
2962
5765
4851
2003
2432
6674
8097
1856
10510
2522
3101
9614
7999
3870
10810
1172
1132
9142
5503
7604
10295
9055
11452
1286
8796
7489
8633
5587
9250
11181
898
6431
1968
1862
5271
9029
7195
7096
10910
631
11504
8109
10315
10552
8197
11666
10124
10465
11917
5758
8636
8572
1222
3290
5627
10080
3063
10999
10312
1853
5507
4163
3029
1835
5790
7238
7373
9084
11160
2993
10181
8204
11519
6170
1941
4142
3407
8338
11078
10817
9479
2006
9713
3238
9259
1508
2798
1033
2162
5920
5257
10417
6930
2218
5646
6504
1612
9327
4106
3673
10713
1356
8441
3159
632
1614
5122
3220
6987
571
556
9248
7071
11069
9629
4606
6345
5529
9688
11258
2771
11539
3503
2193
9416
8844
3189
1399
3982
8452
8215
10246
5619
1562
10290
9363
1001
1658
9843
8697
7117
418
7211
6091
7567
440
11382
8570
6798
9108
7581
7800
3351
11383
9111
7316
4477
3836
9553
4141
6426
338
10341
8514
11518
5056
6014
5894
10402
3470
5483
2188
5446
1590
6008
8920
2074
4334
10977
8447
1225
8106
7478
8555
9117
11863
1789
8755
647
9575
5711
2742
10905
2850
4718
6307
1425
6218
9371
7403
4036
10274
1633
11921
1952
6832
2413
5694
103
9865
3694
5600
6776
8908
10989
4506
6846
8134
5396
10778
6761
24
3379
11136
1014
2059
11449
479
10278
8531
11963
3128
1846
5983
11079
1738
10434
1401
9412
10861
822
344
10089
10625
648
9904
5511
11116
4222
6827
9309
6216
9554
6248
11605
9881
1202
3067
2158
8703
3529
6198
8315
5167
8619
7338
9620
11709
9854
4740
5090
9961
3837
6476
11891
10686
2045
10623
6230
1017
8797
11196
8942
10556
6013
5036
7942
7134
213
3423
11368
9774
4065
9670
10884
6507
3012
3889
4178
11186
1366
11107
4282
1039
2860
9985
1601
6236
8232
2248
587
11220
1631
5492
6121
9953
11060
5608
2969
7026
6006
4697
10413
6290
2797
5990
7612
7735
1163
10489
5929
7898
8684
1929
10907
999
9700
6712
296
3107
11815
9786
1214
2531
4539
235
4060
7139
4990
9989
11257
1942
9723
6078
2706
7213
8883
8063
7404
1981
9069
12
2642
11556
7243
2889
574
3568
8730
4882
11801
3178
10436
10098
1671
8043
2826
7406
144
4295
5018
7755
10404
11508
3326
10920
4146
5873
4321
6071
4954
2569
2341
7932
4438
1440
9550
4431
9351
8038
10900
1483
11011
621
3367
5985
10894
6410
1581
493
186
1589
2143
1558
1238
1843
4009
6877
9222
3714
6514
1912
8236
3070
11260
7069
9345
5781
3380
8849
8615
2786
246
1029
4303
9677
8637
3960
9920
6741
6646
11530
9995
6428
7062
2669
3997
11402
1618
8969
7678
6656
10047
370
11602
3416
7728
6561
6693
678
9997
3053
4098
7462
10590
1138
2974
598
3880
3370
6963
5650
69
748
485
4103
10924
5919
9546
410
2987
4316
11340
5756
3154
11952
11270
11190
2268
10269
7022
6663
9492
4820
10224
2081
2581
7774
4493
9682
11251
5782
11544
11438
4538
4092
4183
7010
9395
2292
8897
4187
3001
7904
3444
7805
3907
1754
8012
3302
3928
1816
7279
1966
4764
3394
584
2281
3316
7017
110
1871
6944
2782
4027
6632
239
2296
4982
11507
10055
793
4120
5576
11046
7547
5839
483
9889
3773
1460
10296
2707
9032
10480
753
3730
10325
6859
2461
10695
7962
7666
2692
6948
8136
1358
1436
4684
6960
11721
9988
1806
6060
9483
159
5112
3707
7263
5965
6767
1452
2410
3629
5964
7641
5538
10050
10627
9106
7297
1144
6598
5176
6984
7569
6152
11398
2733
7318
11948
6814
4093
6404
10319
2828
13
8907
6246
6866
6037
7585
7136
1176
11314
7473
5055
4235
3791
7298
4251
4300
223
9987
9273
10112
11554
8220
10188
11724
883
4513
743
2811
5962
9888
4318
2526
10976
4661
1516
1522
2473
11926
2559
8824
10035
2866
1432
10479
4696
3693
4779
7221
3409
5042
7415
5099
3893
8436
10651
11335
6025
7919
10298
9579
1947
4829
4907
11183
7197
11802
1012
3713
5385
2179
9669
11164
756
7234
8799
550
9539
7039
11784
4214
5789
4567
8659
3218
5689
3017
298
1179
307
4355
9925
11596
3598
6266
9193
1836
3696
10083
2585
6456
11546
5272
7395
4564
6358
10536
364
11392
2666
1885
3167
2918
10008
4337
2332
6968
543
536
979
9806
3037
11930
4047
4811
10374
2189
5413
11074
2758
242
3438
9169
9789
122
9902
7725
1819
2220
11322
5026
1330
10500
11836
997
4005
5393
9287
8430
2911
11792
67
6392
81
3472
3387
9605
9434
10438
140
9435
7663
3466
5547
2554
1194
966
4628
8471
3645
6269
7986
3376
1215
549
4758
9862
3914
8522
561
4457
5939
6433
11235
1034
5437
11700
5907
5787
3018
11824
11126
7465
10939
2029
10388
4232
8871
5625
7477
6903
4921
3606
11245
10633
8431
6604
10669
1094
8072
8655
10602
10971
2321
8952
10961
8139
1260
6754
5370
2697
7402
4277
1936
2685
7620
5138
2049
9335
7769
2680
8666
8997
1847
9496
7306
7964
11964
2768
6785
3023
6271
7915
11501
8331
9758
8324
6593
1385
4006
9666
8937
9
1121
5433
6942
1352
1752
6419
988
889
4742
2207
11197
11321
5410
4193
3419
9672
4281
11919
5151
7827
5006
9818
4904
11881
6993
10381
6745
1568
11272
7782
3072
9478
11751
757
4248
9236
600
4578
7966
7723
7753
4873
507
9782
4014
5610
11559
4555
3333
8732
10533
5573
10931
8482
9783
11381
6689
10491
3398
10036
5362
2397
10482
9175
4861
1069
1985
9788
3841
2801
10195
7779
9088
1038
7035
1255
9809
5059
1154
8979
1992
7513
7921
9307
8298
3829
11082
860
2441
887
8923
10564
3511
4980
8463
3913
3288
681
538
8211
5808
5450
2984
4097
4815
11436
11840
6333
420
1306
10135
3701
5140
9166
3691
2538
11660
6027
9785
3925
3051
11132
7247
6836
6424
9217
9784
4053
6261
5334
10152
2227
1446
11690
9008
11553
9842
4914
9979
3083
9180
3652
10013
1123
116
2827
4999
3174
6940
6765
3354
2379
706
10216
9739
10375
5337
7856
3947
5259
3517
8342
6887
7931
11194
3020
8803
7815
1830
986
10428
10160
9194
204
9636
4703
1155
5738
585
1564
3767
5550
6999
11972
2637
1928
2307
8758
11900
3838
1319
7821
9919
2963
4875
10048
6349
4570
4747
10947
5475
7717
3708
1876
2711
1546
3078
6055
5760
1914
3879
4678
8067
8707
10057
1665
4358
10593
10995
10571
389
11783
908
10433
6132
443
7731
7796
5375
7336
11172
4924
9638
5651
7673
3954
2795
5030
9003
10873
1794
5128
1031
8010
4025
6951
8774
4109
1649
5316
8507
511
277
4854
8842
792
7004
9805
10103
1393
4395
7499
718
11414
3074
6665
4845
358
1534
5447
9798
4556
5004
6703
5117
6217
628
4878
5288
4332
10689
6803
676
3930
6125
6575
4234
8155
5459
9826
4656
8485
9645
6221
1173
2304
11213
1390
1276
4813
7098
7602
4725
8030
3044
3884
8611
4691
2621
2584
10423
9350
210
8194
3232
1284
4892
7390
6591
9753
227
304
4474
11982
3706
4443
8304
11627
1959
11173
6393
470
7492
7324
6623
6245
4511
11262
11042
728
8273
4515
10575
3986
9165
8574
9702
6391
3560
6495
3631
7148
2032
2442
7044
10092
5700
8552
10582
5402
11460
5935
1938
3545
3994
9873
3774
3003
2746
8671
3509
8537
8518
6371
9393
10121
2111
3304
890
8596
2347
1791
7775
11665
6939
7597
10825
5292
3525
5079
11637
10255
1714
7295
11861
66
7346
3911
4411
3439
10870
7772
933
6858
2335
8987
11832
8199
5175
7933
9078
2022
5824
6633
4189
8392
2128
6021
11352
2717
11629
9681
2635
9459
1414
2594
11229
10463
6379
4557
5409
8536
7647
9286
8286
8668
9998
5473
7824
9418
2837
7621
2235
5318
2511
7777
4132
2683
3132
9867
4111
5187
11176
10501
4433
3090
8782
716
6128
2661
4943
7484
8524
1161
9703
7849
1645
10505
5759
8945
2908
6758
1979
3561
1479
9643
1762
9490
5028
5984
9790
7181
2494
8773
8675
10631
5992
9009
11820
1795
503
11874
1317
856
4173
6875
6708
3653
9763
2367
3734
1811
4460
8271
5671
3723
6749
7526
2542
2713
9586
5976
312
1630
2656
5882
8137
3916
6354
5295
7011
2187
2269
4011
11908
2001
9519
9344
6334
4405
3311
6772
11971
3483
4217
8868
6599
8107
5046
7278
2789
7922
10073
8530
9256
187
7179
7168
8420
9839
8621
6260
100
3468
6702
3588
6178
7229
4550
3412
731
5387
931
11804
8497
1075
3463
1896
4545
3574
4541
2741
301
8893
6464
3129
1106
11674
2254
4955
848
7768
8169
8411
6411
7883
7676
5849
6472
6892
8582
7094
3404
1898
7695
1553
7036
11138
963
3603
8053
8327
8504
6597
10262
10952
6106
5786
5163
8912
785
8656
1557
9230
9011
1190
3219
3160
7804
8337
9752
4972
3372
5967
4629
1927
6783
818
11447
3010
11720
6189
7674
2596
8745
10526
10481
9978
4846
8093
8358
1022
10548
5712
5742
4099
8209
8727
4687
4190
1498
1841
1361
10191
11355
7282
5641
7680
10386
1932
6634
6398
4414
9357
8060
6601
11417
6668
1068
11514
2932
8584
4890
2668
7786
3896
8008
9280
10307
196
9359
2900
5369
10143
421
8944
3687
3246
4367
8691
8390
8127
175
7884
6113
3901
5486
2174
3589
1983
8972
9112
504
7304
11217
6804
5229
8894
8075
10601
9074
10768
4225
11673
11044
10882
8359
4128
4156
11437
5593
1192
5443
5863
11640
5221
1759
8011
8020
3221
9835
11099
1058
3790
3392
10461
9588
855
7747
6602
2259
2674
9552
8028
3717
8649
4002
7701
11569
3853
10981
6135
4291
5829
9281
3719
2451
2433
2745
6274
11249
11145
7476
216
9006
4296
7697
6628
6088
7037
10219
6890
10767
629
5092
5734
3262
11895
3575
9396
5332
6635
2088
8393
9430
8142
4666
3967
7228
9073
3977
349
2133
6140
2435
2344
1218
484
8387
4259
1717
9892
4202
5841
6284
7487
1030
5268
736
10844
3184
7231
9609
5828
5855
11557
7258
10009
7328
6293
7721
3142
1487
445
5113
9761
6286
9858
6320
3138
1490
8954
11244
3528
252
1844
5660
10472
9968
8458
3548
6338
8308
10273
4789
2271
6949
2298
6815
11348
758
2586
7138
6360
6145
2109
11087
3940
11475
8184
5532
1451
1092
4383
7653
3975
11028
8930
7455
6144
4919
10581
1600
3157
9221
2517
7261
8123
1657
518
7056
5805
3110
2071
8967
6210
11598
4188
415
5819
11225
11259
8483
5565
6922
8088
6626
9781
8950
663
1157
1996
1973
4860
8296
11429
9587
1551
5305
9181
4250
1617
3877
4134
9235
11940
7458
539
4192
8409
424
10811
8587
4388
8464
8089
7019
11974
427
11102
11303
6040
5127
10349
4910
11565
2275
5606
8042
10893
1969
1495
10643
11191
5811
7235
5862
9187
9047
892
11626
1391
3124
941
7628
1870
7242
8760
2607
11543
6019
10043
6961
5326
1404
7189
4471
4194
1908
4783
1931
1635
5722
2793
7053
1492
5825
2468
8788
10267
510
6991
7126
5184
1705
8841
10495
10074
3656
5997
7998
6416
2290
4648
8214
3746
8709
5180
5027
6823
5652
5998
5242
11748
9415
1677
7166
4651
846
4647
4653
5190
10723
6421
9096
10903
5645
5088
8185
1681
2140
7857
869
2658
9201
291
11298
7147
5421
7510
102
11389
2255
4780
2100
8929
30
10563
703
3814
4129
11594
10812
2919
3576
9057
7457
666
7951
9742
3578
3266
1728
6727
991
2116
9152
11851
4462
2976
2277
4167
8380
2904
1873
4612
284
5821
10745
8739
744
2412
306
2294
10586
2208
98
2316
8178
11956
315
3682
5820
4645
1025
1266
2388
9285
11151
4469
7709
9808
7515
7184
1642
11646
5766
2202
7292
7943
10314
8369
8807
243
10449
7215
5895
2961
4509
8418
281
1909
7691
11582
9163
6752
2780
8515
7305
386
7783
951
7590
4946
7366
7116
313
9356
2452
5721
5152
9828
11991
853
4427
8056
3395
7644
923
1580
7905
8090
639
3725
4931
4409
139
1095
9926
5743
9223
5675
7027
4403
9402
8147
6806
9733
7661
468
7256
8105
5281
3679
8242
4614
11152
8041
5251
6897
3077
6341
4154
6781
1872
6845
10276
6500
4336
7739
8264
3811
3724
10813
3592
1186
1800
2546
10632
10373
857
830
1740
2836
10086
4432
5301
4765
8813
9445
1554
1073
9120
5356
6444
4806
5897
4542
198
2792
5499
6066
4893
5236
11677
2857
7072
1793
11986
5582
5598
72
1088
2810
7145
11120
2186
5969
5870
3330
8658
6742
8190
6134
10561
4290
6733
8182
9957
1866
3119
1438
1151
5704
1114
7054
8660
5561
8925
10117
1582
8602
1620
1869
1099
10326
4147
4123
9641
4572
11521
6865
51
1262
3750
3289
2149
2819
9469
7737
7422
8398
8019
5467
78
601
8269
8407
11058
10268
7950
4268
8996
1134
3223
1706
5533
7483
7047
6685
11843
4280
4455
8851
9687
11457
251
1597
3385
3458
10967
6796
7830
8100
582
686
9315
7150
2359
8970
2715
8690
6238
2734
10006
11384
4237
5391
1756
1694
7020
2201
2407
2536
8353
738
6007
9058
10834
2190
4808
11803
1514
7852
10350
5524
1259
9891
7528
1129
8440
11416
6049
9389
7539
9428
5753
2681
4532
2921
11124
10966
23
10308
7615
10234
1664
5349
2253
4975
8759
697
3785
5147
619
10734
2042
4711
863
3062
2262
1087
4887
6173
11281
4138
3524
9268
9956
11998
4795
8351
118
3042
10007
11005
7550
2080
3808
5708
3756
10025
2839
4219
6057
5578
7254
10000
8790
1572
7206
10029
8879
4015
11269
1577
4440
8432
4386
1638
11757
8519
3234
5165
11024
20
4535
7565
3038
5879
9372
3433
1702
4240
11595
6933
9382
6436
7192
10382
11031
7529
882
2360
5776
5648
3624
6885
11995
3086
3755
8625
11718
3066
9522
1685
4349
1976
7505
897
7219
11141
674
10452
3272
7563
7988
2471
2532
7361
250
4842
2719
5075
8468
8027
3823
5
8693
6070
990
97
10942
7424
11491
717
10650
5412
2326
5707
5612
181
6339
11064
6540
4675
6606
7761
10309
7525
4004
10580
5366
836
4755
6534
8696
3887
10959
7471
11054
5798
9349
9101
2766
658
3658
10969
10372
10658
7084
6094
10105
9674
9420
11888
3011
3827
2252
4916
866
2159
11280
1127
9024
3071
2019
4928
7591
927
3824
11962
9994
616
6247
5434
6429
1041
10239
10292
3006
1421
7650
10211
10118
11282
9893
7543
10078
11221
9694
4767
4387
11797
11048
9339
5713
11311
11039
4554
10414
11965
6118
5043
232
4792
3031
11833
7664
5007
9735
457
4180
9610
1823
9085
11334
9779
7095
8702
5914
1742
11376
7879
3886
8631
10039
6085
523
7671
3455
11413
5724
3306
5403
9066
10950
8917
10793
7698
1312
6946
2371
8861
8312
3891
9319
7144
8026
6446
10060
6390
2108
9062
8343
11707
4748
6459
6487
8118
3858
5975
4658
6587
2524
9274
4026
6414
4733
6388
796
11015
10492
7372
1911
3999
8798
2606
7716
9208
5329
8566
9922
1410
5255
11938
817
4301
8365
62
4174
10655
9027
8994
10264
5899
1369
7530
2170
316
11745
7599
3797
9547
3081
10668
10209
2698
11329
1535
1744
6222
3251
11112
7100
5521
3530
5720
5256
6402
8291
8270
10876
8980
545
804
11635
6910
10843
11870
6240
7928
5471
11808
6283
10624
9738
7407
11506
6403
5363
3674
5269
2807
5224
7451
7114
9375
9833
11473
9691
2814
3709
11689
4019
9569
10594
5697
11770
7823
10249
2664
7223
10782
6853
4514
8363
9211
7110
2998
5183
7248
10886
1720
4361
11889
4423
3985
1269
1383
10447
1455
9162
7425
10426
408
8103
7334
3055
751
5294
5267
7187
10750
35
7692
820
3148
3727
3871
7955
1072
3183
2946
3202
11068
10294
7444
8386
3510
2760
7250
9271
11761
10805
8243
2232
376
5032
1667
10858
2444
618
3751
1594
4348
3998
7945
3796
8424
7829
9618
244
2167
11137
8561
9884
11199
9516
839
7226
5680
10071
899
3782
6257
10691
6965
5774
8742
11730
5216
9548
3459
9497
10111
4308
7417
9762
6893
10208
1999
11738
2824
8777
6676
5108
10476
10173
3185
8066
2384
10685
8272
6220
1718
4484
11411
4050
96
10789
7973
1725
7488
2073
29
9206
2010
8785
3777
7645
9955
8070
8931
10490
7949
4003
1335
1297
7132
11016
8445
11532
7839
10520
10878
3890
8618
11415
8855
7814
11143
784
7245
4276
5517
7369
8946
9218
11435
6973
775
1389
40
5699
9438
10137
2917
10664
9197
1683
8116
5817
8061
1168
10780
9207
1198
222
3506
9544
567
2770
5814
8426
141
10626
7354
1395
987
6454
8862
138
7613
8913
2982
6229
5105
7917
7656
11864
1747
6969
11424
8024
9640
93
11890
3286
3021
9797
10729
10344
3443
7443
5957
8685
1818
7092
5110
3474
11813
5924
11056
6059
1413
10598
11680
3396
8534
10636
3521
7130
10881
8826
2930
2602
8734
6972
7749
9817
10879
11195
3749
10207
11634
3931
333
2375
7419
2988
3233
1052
9464
668
10136
11896
9373
6289
6791
516
1187
2447
2223
5317
10466
1437
7427
44
10587
8341
11030
1710
5265
4446
4497
3512
10951
297
984
3298
1773
4877
2299
707
8890
9715
3139
1280
9684
401
978
10394
8080
3757
2845
4041
5339
6822
368
11045
9324
9354
4176
10786
2565
9413
1384
3726
11293
3276
4634
9091
6089
6235
7378
7052
8374
6928
4594
6009
5422
11021
394
1415
5757
5745
762
5963
7758
6112
9653
6710
6730
4834
9527
10532
4859
8332
6090
5683
8694
11810
9690
3413
1365
10543
8191
8015
9849
6751
6483
7046
2060
1814
4029
2138
8213
101
9481
3681
8488
8292
1958
8689
7838
2653
3833
6831
6183
3737
5686
9633
4274
5833
2278
727
8895
8575
1797
2314
4888
11357
730
1021
9845
3271
3793
5392
7327
10391
3594
3835
6335
4130
9861
4069
3908
886
3531
5123
6905
1043
9883
10288
3638
8873
5797
3974
7551
6739
8360
5583
11209
1528
9765
10031
761
5618
10954
11498
10516
7153
4874
1292
2756
7076
5104
4023
10334
10148
9170
2622
3227
11268
1322
1016
6543
3280
5119
8766
7045
5667
9816
9347
10134
8779
1006
3523
5515
5810
2714
6313
4264
2351
873
5001
1779
11809
8250
918
5772
5844
6176
1080
6680
4986
255
2877
2535
3711
9100
6817
1035
1732
5973
11729
7736
6553
1512
8630
5506
3499
9311
2937
2043
4682
10621
373
7377
3447
1226
8961
5628
605
7820
5376
5143
404
7048
8904
10488
6909
3069
10020
4324
5130
3200
6899
11243
9455
180
9584
1766
9227
5898
10609
10683
7936
8096
6692
8840
8875
8805
4689
5813
9743
1991
3273
8004
1861
3446
10945
4562
1888
8206
8590
11387
2137
8965
4598
3085
8381
4035
4055
3507
2079
10493
2868
7535
6750
11075
1704
5910
10499
1559
3481
4287
11736
4785
10087
9289
9657
4584
4947
8673
4241
11096
6896
6285
5171
10540
1119
2356
4283
2490
6430
7438
10957
3296
4970
3993
3005
4196
8095
384
5223
2954
3476
7177
7906
1731
247
6828
3690
4127
174
53
1370
6788
9405
1815
10662
6172
9500
500
7030
10458
8410
2056
3550
11127
1057
8460
5053
6624
11361
8632
8276
11305
9334
3905
1167
11623
4245
8145
7859
9135
662
11610
11669
1796
2191
970
1140
1737
2126
11901
2129
3609
11794
11330
5233
6612
8355
7912
4720
1813
8176
10880
9749
8388
4761
5799
11114
1696
1839
610
10190
1743
2660
5336
5603
6559
10616
3610
8594
2300
665
8047
9900
2859
10033
9141
1063
843
7848
8836
7677
5313
7519
4067
9407
11468
379
7866
9897
7326
5381
4434
63
809
1736
9766
10023
5888
11758
8624
2905
303
9215
3245
6107
4394
4198
1339
341
11747
33
8469
9980
5377
2345
4522
8905
2357
6919
9558
4313
1059
2258
773
1441
11051
3016
7711
8285
10649
10471
9737
3259
9059
11480
6272
617
3846
8417
5703
4144
2033
8350
7023
5848
2374
3103
9804
8947
3125
5252
1944
7810
7816
10113
4902
7916
3876
9877
3133
10284
7792
9238
11467
2582
430
4753
9756
4485
4623
11873
7170
4526
2781
1424
9946
1961
8122
10941
7128
2991
5424
1158
5262
8212
7826
6925
1354
8922
6166
5008
323
834
10387
8899
9981
5555
10156
1298
6184
8529
1048
1687
10454
5941
10509
1648
5426
7831
4530
1111
8878
8496
10408
9625
5156
1734
84
9508
10320
1655
4879
3222
4212
8614
7347
8023
7002
11002
4101
2198
10970
205
7976
5602
4686
3955
5207
7286
9531
1224
734
10096
9115
5203
9075
6192
11288
6020
11316
2570
7726
3435
767
1641
229
1549
3946
10332
10841
11496
1867
2757
3565
7089
4143
772
16
5663
3915
9369
8370
3046
9337
1357
6241
1906
5274
6480
1128
3500
5299
0
7609
2004
5868
4417
6820
7614
1739
3497
8751
7580
6325
2087
4633
8700
8889
11644
6455
2250
11814
6551
11380
687
6898
9237
9123
11129
7364
8764
6323
11513
4472
1569
340
4679
10197
11231
5717
11356
9689
1067
354
9216
4730
3664
1203
3165
5014
1010
2197
6045
8235
9465
464
7791
11448
6746
7559
9504
6177
11520
11755
3665
1345
6475
9697
8838
1977
3196
10186
9213
9719
7257
568
11776
2767
6310
5198
4897
560
1104
6586
3243
4759
4152
158
5827
685
6076
2075
11979
6700
9523
1287
2273
4081
11407
2552
3052
8129
460
9031
1907
4249
6263
11446
3632
11401
2310
9551
3556
1689
2291
2785
8121
1646
11086
10305
832
9796
1267
11324
5589
4590
11528
6763
9934
8039
385
9958
4822
7935
2239
7154
9076
4706
3897
7918
2574
6292
74
9659
5980
9568
8153
519
7093
5858
10302
7660
9864
2117
2134
11978
2523
11555
10468
3738
3718
9562
4211
10120
327
522
3783
5564
9494
1408
1622
554
6127
11247
6138
1199
7087
4273
10478
10354
1324
8354
5390
8953
4978
5249
8738
90
10576
6725
5033
11593
2867
3963
367
7837
8408
8508
5850
3312
8609
9769
5901
4453
2957
4527
11169
1644
4370
10853
4581
474
8800
7271
5526
10667
10356
977
4064
4918
2831
2501
1602
6800
10743
5411
6494
9495
393
11419
335
1103
1878
4177
3919
4775
4508
4547
11872
9071
245
3336
228
7843
9510
5428
910
5213
9952
6714
1070
10228
11775
6640
8029
10448
7006
3875
9667
6158
6028
261
10993
10740
11573
7435
1341
1220
5934
6175
45
9387
5420
9114
7700
4210
8290
9983
1484
7371
10378
7899
11103
4561
5470
6883
10223
6017
3740
9941
5449
7267
9866
2926
5204
4466
11789
1265
7560
10022
798
73
7446
5620
201
11445
2066
10455
6295
309
6639
573
5451
11993
6469
6564
10058
4428
4537
8283
2401
7938
4302
6149
4305
4377
3382
2099
2689
9748
10612
5111
3577
7332
8571
10044
8125
3341
3661
9832
1464
5197
7681
3585
10189
11772
5527
5777
1530
5925
10800
4523
8439
2873
1291
9802
160
3345
5881
10653
6762
6908
3832
9098
544
4330
1989
10016
1020
8228
11731
4135
10070
8654
3505
3516
8643
1579
6574
9328
8002
9283
9848
6614
4371
2754
9398
4327
2773
6117
3637
8256
2297
3411
6773
8801
4964
8652
6370
6884
8165
11946
5736
10303
2166
6711
3168
9233
6729
3166
2842
8260
10901
9626
7809
9931
3292
3281
2263
1004
9999
9485
383
9724
5072
1015
526
7
9722
9800
4739
4724
5657
2402
5554
5676
10928
3688
9176
5800
1544
8988
5750
8171
4487
11927
10822
849
9729
750
6581
5761
9252
4743
4034
4140
9792
597
2735
1427
10420
7622
8495
10815
488
2107
7090
1024
3885
1777
4356
7118
3156
10823
10991
7015
1812
11892
8503
2518
1409
10906
9541
5089
1727
6384
9933
2617
3368
2588
10257
2017
2366
11973
11388
2303
9851
2544
4798
4849
8217
7746
9746
9962
162
392
8311
3059
2415
10955
5285
1257
649
3668
11899
6938
2216
11359
2095
6979
7974
2393
10850
6309
3822
4186
1381
1273
10169
9321
2339
1461
912
8638
1145
2185
10383
2604
5395
10154
6468
8829
8486
9020
7389
7501
10589
8151
5323
1130
7638
7088
3491
7380
8234
8261
5546
5476
128
3389
10164
481
3789
94
10221
4001
5823
1126
10852
3464
9153
1855
5304
6782
4827
5399
9598
4624
2953
3158
10167
5847
11246
1023
8926
5803
3390
6958
2439
9635
2973
9882
4524
4937
6740
498
459
4228
10996
2922
1256
1171
1502
7631
2925
7835
602
2065
434
8395
4444
1860
10178
10604
2950
4161
3194
2002
436
7654
5124
5955
1115
1062
7237
4502
7960
7498
10940
682
821
6544
11558
9949
11059
9744
3987
2053
10692
2738
4579
1804
6914
1338
362
2228
9263
1567
2398
10453
2491
120
4307
7276
564
9876
7203
1510
8816
11737
5544
1901
5830
5635
6661
7193
833
4853
1669
10473
8914
8604
9203
11130
11742
7311
4430
9821
2941
5277
11170
7909
577
7025
7300
659
8613
10774
499
3900
3471
5000
11487
5585
4328
2695
6439
3104
2055
928
5860
8376
735
5260
5077
2625
8144
1346
4227
3420
3854
8833
10801
633
1887
9679
3033
7182
5253
3597
566
6123
9054
4776
249
1690
7920
3054
10322
11613
7562
6031
7642
10909
3426
11187
1837
10038
9898
6075
9608
4404
4319
6592
11006
11945
10719
9000
10017
1005
268
10599
7281
7523
643
7252
8573
6552
11071
7131
1223
4667
11180
5729
11967
11341
8817
10002
3496
10883
2641
6786
4118
5656
1049
7841
7230
7657
1660
8221
11647
7146
3559
2459
2289
4803
9099
11055
8802
4744
3972
9649
7750
3522
4315
3547
10129
6935
5508
6527
6182
5266
4865
11391
6770
11397
3702
6894
10027
9813
4350
11527
5915
9936
2723
2688
7584
6683
11081
2575
6081
4104
3406
8249
9768
10329
671
8820
9825
8933
10206
7236
3294
5986
3359
10202
1264
8711
5325
5953
4652
6162
2769
3287
1934
6839
369
8177
5643
1975
7163
1905
1505
3493
8553
2169
4592
10608
6547
2703
388
9940
356
2378
7204
2808
6001
11241
630
4490
6995
6383
10826
4749
1606
5121
11510
5528
10506
5264
2264
9731
3778
7982
4416
6203
6653
7164
10363
2718
6950
6328
2404
5549
4205
2446
10323
7122
9696
2512
11263
3473
10738
8274
6916
199
11732
4967
2743
1213
10617
6860
10015
1656
10247
5068
11866
5751
1208
4116
6911
9051
5496
4726
11920
2249
8132
7722
5912
2856
7670
3201
2830
10862
1481
5469
1489
8500
7038
3399
4489
4278
1788
9521
5084
9138
6344
4360
4263
5999
1946
5425
5688
2647
2465
8559
4608
623
11746
807
7953
3602
1411
8277
5273
2165
5118
11386
10640
2804
10270
9745
1445
11691
4310
4903
1613
5747
1386
11027
8999
7892
8462
1309
6319
4105
5883
5142
7201
11033
4206
10802
1311
5536
11488
10477
2899
209
273
6346
10283
8240
3762
10742
7867
3519
10339
5065
1678
400
9212
4948
9352
8713
5094
10456
4272
10888
4216
4429
5048
10722
7812
1955
9582
4294
9536
10566
11360
2044
10336
8706
701
6655
3669
10042
5378
1954
695
6720
3741
2514
10432
7420
6927
6406
7577
3261
8964
5545
3515
11481
11255
3934
8906
1918
3338
975
754
7508
5629
9068
38
9331
5923
871
3410
1032
10130
7714
4221
6209
641
11829
5474
2408
594
6401
4683
5258
581
6185
2221
8616
9340
4286
2061
463
4864
2092
10684
8848
3300
7689
1191
7984
8450
5098
7537
5404
1679
8021
5493
3703
9097
8275
4284
11275
275
10395
6355
5867
11036
5179
11004
10065
9760
2980
1290
7702
8377
5826
8669
11752
9602
4963
3099
11536
2214
9388
8832
4338
9801
6737
9600
10925
2083
5725
2306
9482
217
11678
1640
11616
9037
7745
548
1978
7500
10425
34
7574
1189
1719
9564
1146
7847
6556
46
5220
9668
3621
10522
1200
11925
2244
5414
8726
2649
1903
9276
2329
1175
411
3073
10358
9160
3732
1164
8044
3850
6348
7790
4299
1301
11712
11856
2624
11597
4715
42
4896
3417
2472
9732
552
11638
10592
9651
79
10379
2411
6253
1468
6231
9664
10401
3045
2799
8179
2951
5947
4499
4257
7914
7592
2673
5928
11070
1188
7705
5617
2178
5669
2181
2484
7041
8578
2566
6239
11981
11654
646
9417
6297
325
11694
1776
5876
749
310
7113
4602
3883
6926
10918
2337
4244
11505
3937
9491
961
8364
5209
901
2394
5632
4042
8384
2040
980
3855
3945
10198
9634
2965
10648
6039
4611
5580
10711
2358
1768
9819
6228
11477
9299
974
5569
9986
1986
1625
3374
9060
4374
670
7108
6760
11067
4262
5735
4347
3173
11178
6188
11286
837
7149
1089
6079
1615
10507
6195
3437
11604
5791
3488
10360
872
4668
3654
5093
10343
1302
4246
2195
9379
7828
5659
2215
4621
11372
4238
3538
8617
157
3845
6111
2103
1807
3851
6047
5744
7464
119
7509
4046
4778
7990
9463
2947
5217
9437
7450
10116
6538
3513
4945
8753
11227
3895
263
8921
7773
4939
8635
6413
684
7754
6054
7272
10986
11958
4560
3573
6213
3141
5846
3329
10866
7099
4704
184
10829
9261
1684
6530
1560
8470
502
3032
6588
8581
3477
7623
940
105
3257
5698
5282
1316
732
1147
10150
6470
7978
8461
10652
10635
10595
10769
6224
11133
7079
6364
1915
3027
11572
10744
3990
9532
10200
7995
127
5168
11294
864
6996
9457
10771
9156
7418
4833
9403
9081
11929
760
2508
5109
11459
9224
6959
2893
4476
465
1832
4722
2815
4124
64
8903
1159
8065
2000
3207
11679
3415
7770
595
3252
8449
5439
4149
10704
2086
6453
2373
7940
433
405
3199
11108
9333
7516
2803
5771
348
2978
1774
8203
1457
5631
11310
1470
6541
4102
5922
1018
4751
11984
2726
8863
5540
4362
5038
167
6029
11349
11764
7896
3953
8644
11955
10987
3048
3421
1735
4521
8789
7233
7255
1733
7437
10397
1419
7491
7009
7077
3305
669
2054
3427
7890
4288
2418
8959
5445
248
2521
4788
9585
1245
10337
8597
10832
6985
4260
942
478
7506
8663
4117
11222
6728
7397
9257
2213
4495
3683
11252
1937
11026
5971
8752
1608
5379
10549
2662
9184
8984
3989
10568
8231
5239
10128
3607
11212
6508
6159
5655
11093
10677
3121
5172
10795
9718
6163
7878
4365
226
5739
586
2849
11587
9448
6254
10785
6181
4965
3422
6826
673
6180
4936
5115
607
10212
1585
1623
9294
4392
31
11502
8808
8138
3192
1169
6207
6276
6516
6032
5456
10935
6583
10534
3958
937
11461
9329
10126
11969
8018
11325
9860
7901
11574
5276
4110
11465
9656
9185
11267
1141
111
708
7472
8787
8074
4745
2764
5770
1583
4364
6024
9254
299
3092
7368
10701
11704
10398
10127
11577
4049
909
8806
5516
8484
3935
845
4670
9918
11200
4790
5783
1539
3923
197
7616
501
1598
11687
4571
842
7637
9947
9917
4601
5382
4773
2615
563
259
6778
1654
938
6296
7667
5551
9823
7913
4200
8373
4563
11057
7996
10680
2323
1950
9302
7274
148
4746
5225
6315
11625
9571
10439
5749
7630
2396
583
3115
10265
8526
6122
1748
660
5141
7632
2989
9149
452
2929
7566
8645
5891
1893
5394
8556
8939
10855
7374
5137
4020
7049
3123
5308
2151
3976
4619
11148
4657
5154
5792
4642
9543
8683
9948
3535
1780
6098
1426
7733
2229
2560
5837
2391
10450
5513
3249
4698
7850
10403
8749
11331
4326
10752
3569
8963
10149
10242
2482
7051
11292
11072
4852
9803
8305
3100
5021
3057
5559
8207
22
4737
4644
2237
6802
3979
4062
11022
2486
10917
6273
5455
9565
4078
7874
5553
4199
7743
6779
3277
4781
2355
9710
835
11878
9148
10299
11142
3224
2123
8310
8648
8819
7111
11586
1673
7142
11548
8641
8916
1476
5290
10346
8168
6146
2696
9158
7740
9489
10555
915
9503
6852
805
8517
2320
8775
2370
3590
8650
3618
7724
8843
10809
8770
2177
7463
11850
172
5309
6888
1439
6465
10095
3457
7640
6148
482
6794
1670
6580
10196
3716
6264
2520
3936
1108
8472
904
7780
7875
3036
1003
6974
11639
2835
1471
7344
2414
8585
2997
10984
2230
9921
1209
9914
475
6768
8379
9411
1829
2672
8094
10177
1450
4727
4341
3815
7367
9846
11219
3817
3639
9570
2886
3770
19
9514
4838
3684
7480
5785
3014
390
6988
11328
4912
5244
11805
1181
7275
9467
642
10746
3418
236
2118
8783
8403
9655
10584
4898
2096
7555
2611
4830
5672
3321
1825
8927
5845
274
10656
11147
7379
813
11385
8457
851
5296
4953
5002
8983
10110
1195
8451
3284
5131
5429
739
8629
36
2114
1513
5887
4400
5727
7880
1327
11306
6256
5570
533
11615
1110
11599
9042
5836
8699
9314
1196
3080
7608
790
11566
10203
7058
208
4071
8600
8162
10892
7161
998
6244
874
11291
2152
4068
136
5531
9421
10946
6460
8593
2901
11989
5330
3864
3094
9137
9045
9093
7080
6215
10687
1672
5614
8492
5801
7268
5670
6299
6368
8375
7171
10310
826
4172
6484
2927
6505
3536
11740
4719
2093
5932
6389
104
10159
7987
1242
11264
2788
9894
2203
6003
10847
6356
5208
8333
9615
4805
3583
7970
5596
5346
7120
6882
3903
2434
8084
8823
9026
10895
6622
8058
10321
2638
9190
2975
4782
8348
11609
11228
6713
2854
2675
455
1248
253
1405
8831
3678
4858
9282
5017
2311
8733
2106
1131
1935
4723
10240
10839
11867
4949
154
2430
10781
4087
7461
6451
7687
9493
2233
7497
5658
4063
6716
9452
2778
11320
3000
10863
3040
9385
3116
6064
4932
1050
1584
10462
7891
3190
4677
4353
10735
9083
2812
7082
9841
8064
11698
7013
2709
50
3504
6900
2541
6205
4987
3813
7834
2496
6677
9065
2608
4312
3130
7289
6443
2175
926
4768
3514
37
1662
1375
9365
11421
6603
8161
2464
968
6279
6103
8362
9380
4800
7897
6377
7232
2861
5407
3278
930
720
2928
1763
3161
3874
11109
7293
1626
435
3667
2550
2990
9950
4692
10371
5959
10818
8163
5181
9288
2206
1532
9885
8780
3780
189
1251
11001
6108
9911
6819
417
11622
8001
11013
7742
9200
3256
683
10147
11062
9577
4122
9260
8554
6707
7639
6863
2678
5125
8459
11113
437
7101
7091
4694
8501
4869
4148
10114
6998
3448
1444
8281
7703
5864
11828
575
444
381
11503
6432
5354
4794
11854
3314
9005
1237
11399
21
9154
11774
7924
10641
9639
6704
9017
7155
9386
8135
292
9360
8546
5664
723
6357
7481
147
8737
3151
1236
4304
2548
11588
241
5731
8919
4085
11032
10983
6722
854
2687
8266
1650
6474
1078
11992
2610
11911
4617
5453
9164
789
3831
7388
5087
1880
8111
4630
5804
2999
6825
3327
8328
3469
9456
2051
8444
2031
10821
6662
2319
5687
7284
2704
10982
827
3872
169
4236
6496
6171
8421
7319
285
8401
1552
458
8951
1207
5609
3247
6954
3878
4988
2005
9404
8131
11910
5872
5003
2832
2417
5767
2090
5541
9561
625
11913
9899
1071
664
449
3041
10054
9063
5916
9202
8679
4351
6848
11722
3957
9847
1922
3663
83
4618
5279
3744
3353
8124
11175
11443
10797
5988
3722
1591
1636
8845
1328
9177
10678
11261
8896
1826
3881
10699
1764
4868
1246
10194
8437
4208
6174
5297
9188
2163
1076
8623
6650
9993
4925
11223
4909
9241
10820
4984
11846
7887
3188
4007
6705
11628
505
5723
6058
2481
5921
1730
11941
4517
11283
7981
10755
9830
3647
528
5029
6570
4823
1277
7985
8792
6372
2172
9172
3922
3666
1988
11065
92
7160
10542
11234
8653
844
3451
10109
8412
10370
10958
6206
9305
2573
11265
1729
7143
9648
1304
6467
10155
7294
6097
9824
11171
5191
11831
5822
10067
2089
7586
10527
8991
2225
11105
6062
4821
6515
911
5298
9658
11434
9916
6701
4445
1682
10675
5604
1711
1982
9082
4126
5904
7603
4938
6142
193
8580
4492
5398
432
6734
1786
6191
8356
711
2476
8647
3487
5388
11038
7302
535
8321
4915
8902
11538
7789
4519
5322
2067
1118
7572
3544
126
9581
3489
3310
4333
6167
8499
5374
329
8955
3933
4168
9730
5466
11868
7196
6133
10361
4279
1604
9343
1848
4131
1055
11787
1428
7807
3492
2011
2513
2784
4812
9196
9799
6477
6016
2852
7903
959
9049
508
8086
11441
8322
8627
9970
9990
9831
5622
2241
1675
4750
1619
4908
1575
9310
1079
11683
6294
4835
5372
3436
6282
3572
10553
9462
11970
6952
1053
11462
11000
2302
10238
10237
11650
3450
10860
6300
2945
3108
5312
8309
6458
11816
5320
590
11161
7707
4735
2199
4769
9002
10513
7396
11405
9267
4699
6324
324
9628
7694
10717
8289
375
11839
11934
7870
6872
402
2463
1488
6490
9996
7340
10248
267
10944
1632
2499
4456
9764
5981
11699
787
9960
2640
11906
7330
4439
4424
6385
486
11017
3301
9567
4510
10998
4549
4534
7854
2572
7832
7797
8943
7941
5464
3315
10718
570
8781
4267
5918
6362
3050
4631
5435
5052
10758
11773
5498
3126
1970
334
8287
6161
1362
1434
2283
1458
9872
9834
1219
10610
11425
8399
11277
1550
8901
1904
5775
7162
9545
4096
8765
3364
5149
469
9896
2577
7764
9122
7241
3297
10975
7360
1965
3662
423
1449
9182
382
8741
2242
8092
5328
357
286
4810
7321
9616
3322
8772
11817
11898
3659
10180
8750
10763
3921
1074
8676
3093
4207
1217
916
9408
4162
9174
2751
4826
152
10554
11492
6953
2023
8336
850
10926
10816
7675
8821
6697
2076
5202
10660
11655
7459
9143
5275
2318
5933
2690
7748
1925
680
130
4613
8794
2443
5436
700
2864
2141
6041
9270
3236
4169
969
2528
8928
10645
10061
7977
1105
5740
8349
8598
10665
11500
11708
4646
461
11097
2774
6119
8219
7958
1329
1056
9976
5500
4451
11271
2846
5101
5314
1709
637
7129
6051
4702
8981
4771
212
1429
9750
4901
8822
2222
4961
11798
4449
532
5644
10757
7339
4876
11754
7601
10848
4959
8282
5063
10158
6808
8784
5497
7872
11150
1274
10596
6715
11549
4899
10674
7741
7432
10661
10168
2072
6621
2829
2057
4253
7352
9906
7123
5248
8728
8512
620
1787
7034
7836
6539
7343
8419
8406
7428
5250
2124
2333
3520
10424
11653
3357
5228
1100
5478
366
3007
4306
10496
2224
3193
9665
8293
8466
6002
2184
2260
11232
9094
4836
9716
4292
8000
8367
824
1382
3539
10157
5752
11767
8112
9477
924
10172
2385
8453
11800
1331
11611
2650
2587
1009
8048
2915
2841
2437
5653
179
11014
7665
6532
3988
4008
200
7216
7552
10638
8918
4145
272
3518
7869
9265
1565
9454
7214
490
8467
2879
677
2348
5927
1307
6943
5674
8551
406
1174
3613
5779
1293
3635
7061
6519
6259
6675
9811
6518
5286
1340
56
5737
9052
7840
3465
4866
11125
10266
8605
10764
6920
7881
372
11672
8357
10469
5854
11581
6605
10808
7401
8334
203
7345
10259
2154
1212
1007
1801
2682
7454
5893
3794
3620
2035
1517
840
1858
7157
8280
4732
4501
5054
4884
2765
7067
9159
3449
11648
5818
4680
6805
2399
609
1621
7485
9559
11728
8818
1447
7337
7961
3943
8186
4627
6233
3648
7068
9245
1962
3095
4285
5107
8126
10250
9807
6287
6932
7511
3739
10235
10968
4461
2970
11236
2652
1998
9597
5601
8509
8729
6589
8583
1863
11799
4862
5746
10739
2487
6087
1886
10565
10936
6971
1077
9043
11523
8045
4690
5548
10459
4494
9240
4171
6510
8756
4016
11307
4166
6204
11692
8146
1722
4229
7507
1527
10236
5755
4184
4507
4243
11106
10355
7696
2209
6437
5293
10097
3962
7765
967
3733
1892
9685
2380
9647
4242
10286
9572
8404
6769
11886
11295
403
1891
3088
11266
3941
8193
710
4593
7534
11806
1388
7651
9004
3973
456
11682
7910
4960
8884
947
4112
6636
811
5584
964
6084
8982
2479
2534
1542
8688
308
9323
6000
7059
7778
5136
903
269
6834
2112
5031
4920
2881
11562
4597
1334
514
7283
8347
7482
1347
7969
1402
11608
2146
5185
2677
4582
11485
2068
7387
8968
5778
3293
705
7218
3970
2651
11008
11140
5909
10524
10708
10849
10830
11601
1086
7262
2024
11701
7767
1296
5866
7763
10904
1139
9747
2247
8882
8255
2352
10615
7902
9660
6945
8049
10253
448
11117
5624
6
6478
10973
3363
11953
1913
5692
2493
11894
218
770
877
6838
9770
5050
6373
8016
2039
2204
9304
11703
6485
11749
2012
2601
7633
11248
2377
7384
6400
7751
778
599
6962
7452
9868
4396
5944
10762
6966
11944
7412
5307
5160
2894
6992
7844
2115
3320
10583
11301
10831
9595
1852
5702
10851
9542
9909
9705
293
1336
976
3537
4580
7718
7517
4215
10457
134
1359
1899
8425
9326
3622
9965
1874
9439
4125
5706
8490
2387
5245
7882
4848
3355
5943
6471
10765
1258
8870
5995
5908
8568
3924
11363
4801
3175
2458
10974
611
10619
3431
6732
5078
9619
2274
9086
4553
2200
1406
7121
1109
929
1543
1545
4435
9021
2078
11763
8316
6164
1027
4850
8795
2363
689
1136
11192
8717
2246
1380
9712
4107
11570
4971
2266
1477
7833
9901
5199
2609
8081
3630
2936
311
8413
10997
2427
5359
1663
4976
11696
7016
9757
11517
7440
2420
89
3179
9125
10066
9036
3384
6520
7587
10864
2759
10390
6723
9010
1538
11089
8133
6243
4233
8402
3348
6201
1726
11882
8226
1036
7165
9601
8352
6870
11308
6048
9293
4900
4195
2392
7239
7802
8205
529
11793
6023
3636
9124
8110
5386
2855
1712
7617
3366
4574
8998
5552
60
4712
5695
8506
6234
5626
1964
2279
9676
4546
2787
5502
3804
2085
6509
10787
7571
1463
2816
11791
7979
11996
527
5441
2888
8036
5636
8924
6156
10392
2030
7075
4568
4021
6367
6678
3968
9306
4083
11428
8062
1496
10068
8245
371
1285
7929
1798
7448
9720
8754
1639
3494
8639
6365
8230
395
9622
1574
4136
4057
6448
9505
5917
11339
4028
6479
1802
9734
3498
5889
1416
1723
1083
6080
4996
10376
10185
2603
5795
8564
5979
2880
5357
2579
2489
1221
10220
282
709
3839
4708
10063
9755
9400
8223
2015
1107
10859
11676
3434
3745
10794
5691
3816
2629
5432
7018
4766
2732
11830
8307
7819
950
1890
783
11354
10980
9303
8978
7290
10331
925
1884
10225
11463
9913
4552
2405
7744
7554
1142
326
4922
7105
9717
858
9308
4673
3981
9870
3579
6351
11084
7430
10681
9210
3566
5523
8006
129
958
9680
1693
5665
1900
302
2870
9530
6038
1349
10709
8628
7097
3495
233
8778
4741
11315
11041
1275
9590
8516
287
10226
6316
1652
2212
3628
3211
3787
8731
6855
5408
3035
9984
6913
2353
9246
5085
10646
10637
6533
8716
1831
10445
6613
3145
1526
11668
759
7249
6317
25
4643
9776
5215
9887
3019
10407
3966
8811
11893
5120
2898
1924
7801
7012
10419
8527
1833
2462
8498
10518
2136
814
11686
3490
10049
624
3089
11980
1363
1313
5852
5070
4867
8725
10614
3906
5649
8885
1757
10416
355
1403
10948
1686
8854
1524
565
7532
10101
4043
2036
8941
2547
8003
10657
2934
7685
8414
2422
9272
7704
1193
5333
2467
3400
9621
10272
3710
6074
8891
419
4458
7188
8667
4012
7923
9557
7626
6105
7383
801
2912
9791
6759
3562
2226
4966
10
8591
4323
10300
11100
5096
5518
2436
8117
6864
1504
11753
5368
7713
3231
10342
907
10702
7712
10503
3122
7331
4787
10741
7277
2977
473
6774
7064
3275
7291
4763
4566
4576
7752
2168
2684
9012
9392
9312
881
2944
2504
359
9844
900
343
3401
6447
8306
3228
1026
2122
9362
4705
6457
1423
3456
4017
76
4796
2403
4368
3075
108
768
7042
8301
9470
11128
8835
4058
11238
2992
2192
441
9578
3983
8586
9279
10605
4599
3753
2818
7353
3596
3215
5013
6789
6694
115
3634
10210
3332
7568
10530
7202
1895
6590
4672
4952
11364
9515
4372
10187
9938
3776
320
1133
1392
7159
1368
5615
149
6438
6190
9167
4831
2964
2020
10079
11983
11823
2383
4375
1902
1240
9498
838
3699
7825
1881
3784
6706
5102
1135
3834
8397
11516
8569
9509
11216
3191
4944
143
1775
11300
1247
231
1753
4814
11614
1046
6970
7191
3084
4985
9972
5726
825
3920
8443
1916
11121
506
3430
11003
3269
9219
4379
3564
11949
3082
6314
2142
2583
5144
3643
1993
1320
816
1949
4659
3551
2342
10012
454
11323
3131
11688
3255
3267
10703
6748
9013
2027
1643
1098
521
10470
6212
11337
11735
4382
691
11726
3250
5970
4139
11942
88
7409
8651
5890
9191
8389
10528
7031
10574
7679
11456
591
7479
7625
3964
9596
11551
3670
4989
2516
3800
4558
2820
5784
2620
7546
5327
10688
1282
11483
6350
4119
5639
11009
11649
495
4452
10252
1603
6906
9019
4818
11862
11857
9538
1485
5237
1531
6757
9414
9090
9130
694
9537
8166
1065
7359
578
8423
2802
3028
8701
8956
1116
7180
7490
6895
10297
9251
9338
5902
10889
9229
4151
7888
10335
8319
2324
9991
3615
6994
1616
11403
11101
4
6937
4031
3826
10856
6797
3091
8975
8429
8246
5206
9296
1894
6651
650
10316
10943
9814
1216
7502
336
11652
1500
7081
2665
8371
10693
5234
5134
10324
5903
10364
10874
1784
7127
7575
4639
3022
2875
1838
11509
2700
3391
11977
8294
3308
10772
7208
8033
5709
9298
847
8415
2144
288
11256
861
8013
6405
4082
965
3806
3798
6637
8262
8082
10700
10706
956
4600
11218
2280
5064
7635
3541
5762
7719
11063
11010
7636
2639
5438
9604
7447
9627
9528
4079
6812
1700
699
9488
2563
2389
1821
5126
8251
471
9232
3362
8686
3198
3210
7167
353
9423
5557
868
10913
11158
10233
2515
8247
4450
8183
8196
2916
9778
3617
9113
10418
3204
5682
2913
10775
1810
10570
397
170
2876
1210
1431
5049
9945
3950
6258
439
8187
6576
2041
11377
5205
4159
8957
7959
905
7646
7871
5719
6375
151
3061
9607
4891
721
4094
8502
8224
1529
9853
3801
9199
10166
5542
1760
4270
6690
6005
10327
7391
2147
946
8055
9471
4786
9179
7862
2455
11085
724
32
11564
5590
5371
6766
4913
11630
11088
11034
608
5280
3118
9039
1486
9048
7503
4609
4150
9442
10517
5568
3203
1917
5158
6237
7266
9468
7158
163
9322
5952
2679
1770
491
4066
9751
972
9116
7460
11168
10367
1227
10838
989
8695
11618
3571
1963
1162
3965
61
2533
2909
11083
3692
10902
5599
6157
4256
6033
3857
11131
4320
4491
8558
9942
8034
802
5389
1051
4871
2102
6120
9353
1325
3917
6841
2823
9119
11713
6422
9239
4569
3898
8244
5162
2731
6517
6042
8192
2981
6990
1563
5169
11771
7421
5978
2288
10338
9540
3163
5465
6336
3612
8210
7246
10798
9105
520
3214
1101
7408
7997
10144
11834
1315
1698
3779
4247
117
8786
1593
696
7115
1120
2943
6311
9225
3743
10353
11537
4072
1939
3712
1376
8433
6687
256
6555
3625
9754
11727
3056
9368
10024
11642
5157
10183
10783
2016
2752
9654
5344
3205
82
7989
10523
2634
9183
6978
5178
6582
8318
363
558
1205
2145
11841
11848
3265
9422
11932
6857
4045
2276
657
3378
1494
5840
7600
7140
5938
7014
10642
4671
1453
9859
2098
10828
2865
4425
2779
2008
1398
11090
517
9189
11451
11826
300
4346
7399
4265
10748
6699
11875
7965
1143
6249
957
2390
11924
9890
541
2907
374
11912
11118
10090
2995
5051
3552
5222
576
1688
4080
5577
7199
1182
5832
10306
10725
7643
3461
11662
8085
3360
5556
10673
9447
8227
11240
1178
10990
2618
6851
11947
714
11670
10814
3611
2858
1820
6361
7693
9001
3546
7864
11904
5630
1448
1995
4454
4475
10359
3381
741
10736
5219
8769
10123
10014
7798
780
936
11600
11591
9067
4488
5415
9767
1845
4408
8218
5418
3600
11214
8876
10037
6225
10231
8858
635
2312
7531
4226
11115
2648
5853
257
4663
2750
7611
747
8263
10088
9954
1943
8040
5613
5302
6018
8915
1364
4596
9381
9513
9693
10670
4459
10557
54
4091
9401
7436
862
11667
10345
7431
672
10777
7975
5058
2571
1040
3984
9092
5343
4480
9064
5684
6915
5080
11455
10440
5200
8910
11825
9318
515
8078
3402
3810
5067
3106
11035
1799
2361
2790
10330
3861
10965
4378
6082
973
8396
2498
4968
10579
9580
5195
8542
11933
6143
5991
6327
6186
5594
6489
5714
2426
10949
11589
10541
10287
4520
11922
4994
9432
6160
7288
5931
9939
7240
11040
4774
11336
9741
7133
10357
3268
220
4837
2069
8140
5243
5192
5303
7868
3002
4589
3859
7169
3927
6165
9209
2183
7299
11395
4155
2431
2545
2955
1674
9714
2469
3076
9534
5812
9151
3347
6513
6611
177
6526
2833
9080
4436
9127
11367
6881
6667
6136
6242
11076
3361
6638
10896
6617
4503
1042
11297
4626
902
75
10887
8435
4681
4314
3328
9041
9506
8995
207
7070
3334
10707
10165
4322
11693
4559
4420
4366
11576
5886
5074
5355
3584
11215
3039
4115
7934
6280
6850
6673
4407
5693
6983
4224
2631
9376
8326
10099
10142
7309
2130
345
11351
4824
553
11580
9253
7285
8714
3242
4086
7493
5501
5572
5095
3331
7876
11470
2150
4422
8102
9650
10933
6738
1459
3403
11037
1919
9243
10731
9015
5685
6044
7050
5896
6434
9794
6585
2813
215
8340
3685
1148
1933
8120
3759
1230
9226
1987
6482
3742
5081
3729
7411
11442
11578
9458
7781
11319
1254
11073
7106
2272
7055
6568
6652
10804
1350
7967
11869
3155
6600
4577
346
589
7557
7386
1691
3807
6536
8035
9070
729
4832
1351
2156
8208
11821
7119
8083
6735
5405
1153
10368
10021
3956
9855
6956
2331
11657
9320
1400
2903
2923
5519
9126
7710
10679
4707
644
6302
557
8869
11409
1288
5311
11144
4040
4182
9863
10867
11529
4197
10100
7021
3405
9018
3996
6688
5661
10139
2362
2153
1651
9963
7845
6627
3279
7544
531
11346
1607
8119
165
10854
2897
7771
1697
7593
5595
11179
3543
5773
615
1090
6809
9425
10304
8911
3134
2892
416
8958
4335
5677
11203
8268
11966
10199
5900
11242
9186
2589
6868
4655
6226
10766
653
4075
5673
781
2555
7125
9278
10293
3237
7398
8174
351
11999
6303
10921
5261
10760
9721
4158
9472
7520
7495
10796
11122
11723
10836
1232
992
2567
9023
2445
8104
667
4804
7112
6647
1849
4709
6036
9652
8022
5351
3216
1721
8180
1609
4587
9511
6566
5701
7410
5481
7392
8313
10222
8767
10611
3441
10697
2632
3429
6202
413
4935
6830
4839
3453
2505
10790
1170
10475
1864
11950
2671
11876
8253
5716
6609
6278
10962
4447
7317
9974
11302
1879
9771
1305
7573
11182
2052
7662
5364
2305
11719
725
4518
3425
9915
8850
7190
5348
4399
