9890
8477
6906
5292
11993
9066
11418
10860
2557
5877
5568
1744
6048
4676
5417
7002
4706
1272
10863
7979
7137
10749
495
6119
11835
9695
8591
1052
10447
3979
8180
8310
1638
6917
6029
9227
6418
472
657
5603
4454
10264
8745
3163
8391
469
10444
6264
5407
6876
2316
7763
5769
5418
6552
4894
503
2334
1716
2677
1528
2250
10924
10427
2421
1316
5758
5157
936
6567
4906
10030
4159
4933
6167
4099
8890
3481
4460
8788
11384
10014
1804
2960
11779
4179
7782
4986
9048
946
6475
11176
9895
11824
7560
11928
9940
7348
10602
6920
10556
10303
11053
8830
4255
11894
10042
6177
8953
4093
3924
6302
2252
3503
9797
5656
2349
3306
8184
1493
4791
2341
3572
7909
3652
4701
6310
617
4961
7897
5578
57
7760
9802
9314
3827
1629
5187
1879
4778
8192
1112
6252
10934
5075
324
752
7307
6222
2689
4596
9235
11972
4172
1475
1914
9751
2470
7382
3240
1079
1430
11043
6155
11468
2084
78
3396
9834
5269
8690
3501
1490
8798
9112
8868
1769
9243
9581
4180
8202
3770
6034
7253
4790
4643
7414
9724
5775
10798
3851
8860
9455
6887
10949
1367
6637
7710
1634
3321
3735
9503
6078
11937
7662
3242
3493
11354
2762
6364
3661
11859
3362
5351
2229
5643
11861
10017
3609
2384
7400
1078
4294
5667
4709
10119
5841
9931
6217
11984
11290
9619
7712
6349
6824
1748
6859
10464
7119
10681
6841
4754
3694
880
675
2635
2610
11423
60
498
11518
3286
11631
6234
304
10310
10016
7132
9814
2225
6861
2721
9630
5753
8297
10220
7272
4019
10311
3642
9915
11476
4787
6986
9017
4633
4659
17
5491
7671
1418
11351
7806
2053
5359
3082
2139
8254
4978
7924
10433
949
10316
9249
686
2779
11593
5822
221
28
7919
6414
11460
3987
7551
776
2833
1979
9242
4112
420
5421
8530
999
6648
8030
8563
7109
6830
2101
10245
10564
7940
9654
398
2742
9177
8132
1623
2203
4990
3086
11777
4287
10585
8494
1849
3149
997
4357
2881
1916
10991
8660
634
7415
11852
4902
7271
2001
1922
11692
10739
1061
4432
8647
4941
7703
6610
10976
9603
587
5970
2431
5073
1591
11721
11878
10671
11353
8244
1595
7198
6143
7023
11241
4476
5785
6451
5034
8049
11188
4083
11952
3993
10761
6962
2642
3701
314
2102
10980
4849
4535
9608
1088
8571
7744
11810
652
4342
7527
9145
2747
10045
5598
3012
3781
1592
8741
3439
8698
2799
1228
6042
10420
6765
3548
7139
4538
7661
3074
7836
11784
8972
5015
11735
10361
3330
3475
1333
2691
2581
10278
5727
11748
2789
5802
4843
6963
1126
1249
4732
5668
3747
5951
9079
1255
9669
7908
7483
7569
8188
6817
8002
856
655
7678
3550
2414
8006
7916
922
7599
3529
1562
3948
5516
10182
3936
758
2843
9559
6863
4635
7423
874
6618
11849
10339
2284
6730
9872
1688
9672
2029
9776
11224
9019
5559
11907
10486
7204
11695
4617
10149
964
3485
5478
7322
7807
10244
7986
6726
4449
884
11442
10146
10527
2795
5376
5666
8719
11289
10080
6795
3023
2354
4396
10750
536
7942
711
11572
2170
4936
4730
2545
10429
791
651
3376
6764
79
661
11754
7826
3923
494
921
565
6132
9001
3131
10053
9358
7723
1492
4559
8592
11379
149
10541
8347
2520
122
8711
8031
10523
2505
6186
7215
11248
10810
497
6329
9981
6164
1020
4178
9647
5704
4272
4982
6592
2943
11099
3816
4075
8426
9791
3832
3253
6794
7989
8260
9689
2376
155
1388
36
8071
3554
6239
3560
8106
10144
7173
6875
6386
7218
757
3147
387
518
6758
2800
5826
10824
5276
9954
6636
8568
2976
2450
6673
980
6574
2425
4953
3085
6221
4895
74
11012
2856
4825
5295
7392
8185
4283
5948
8062
4393
5793
11371
2279
2117
10922
11755
4366
558
224
3289
3499
6378
6868
2664
9250
7885
11334
270
11688
3207
5300
6108
1882
11737
2741
6097
7444
8939
2389
1735
2113
9818
7208
11885
9073
5243
10774
981
10082
10956
4792
1964
9064
2714
5649
5833
7278
1843
9095
592
9699
9982
3390
2337
11065
7316
7442
10652
2678
2667
2535
2875
8189
333
4511
5428
11124
2771
9919
8466
55
2794
5396
5177
73
368
6223
3381
8802
2729
3668
3691
313
8317
1391
1241
9099
8789
5965
9986
6410
11064
7050
1851
6197
4128
4389
6542
1628
5253
3562
8805
2605
7824
4346
2725
11249
7758
5156
1846
3058
8574
4192
4567
11864
5210
8596
8768
10451
7596
5149
11492
356
1452
1224
7490
9202
7719
2037
5094
11966
721
10306
5289
4807
9901
10846
6982
6711
11533
9093
10032
5497
5721
7142
8273
1022
4800
10778
11639
1504
1058
9529
1086
2118
5937
1266
7157
4110
11067
10670
9372
8493
11833
13
11263
1340
9484
4280
4336
5554
1995
3706
10054
10394
11642
2235
7921
2390
1162
650
8818
7101
2108
6136
6207
10552
11557
340
7556
11789
582
1329
6365
10327
9339
10554
5553
763
10600
2834
11314
5256
11071
7091
3549
9103
11286
8423
4156
740
1977
7265
4324
8439
3531
6796
7809
8087
6070
3929
4533
1602
4668
1280
4414
11183
8187
6013
1229
8857
11782
1564
8973
6131
427
2562
11620
9047
1304
3172
644
8271
11394
11049
6651
4181
3875
9165
10567
2506
8276
2852
779
11156
5574
5957
2340
11180
1445
6432
7943
4222
3372
7726
11130
8670
295
2103
4867
5092
1755
1373
10836
5670
2634
676
10982
8370
2054
684
10905
1294
7850
11643
1331
4041
4211
4669
9136
6107
4985
6134
4957
5676
4613
6038
1833
2195
7658
1973
142
594
888
509
11955
3210
9104
9134
2922
7431
3351
9248
961
11486
7351
9876
7100
10371
6465
7665
746
4908
6771
10801
8379
7180
11686
5398
5345
8607
1669
11944
5392
9861
5521
638
10224
1519
2663
10026
256
7236
240
8528
9744
7411
11184
1355
11178
10343
303
9652
6060
11534
2855
10497
2518
2234
1155
5816
11848
5900
2650
4886
1598
9117
2781
6541
8409
444
3443
10044
3547
11392
10011
4469
3749
8743
535
3364
10947
3433
5932
7083
1811
7779
2023
5866
4497
3630
7619
9268
10243
1897
2156
6828
2423
7929
865
2174
2849
3247
10291
2551
5746
37
6903
9384
2912
3224
10071
10916
6483
534
7098
6025
5880
8344
6743
3817
10939
4677
4465
4729
10095
10960
9943
4972
808
7297
11181
9401
10334
9157
4234
7746
8994
6084
4647
11128
9022
7283
11204
2020
11337
10492
9537
5173
6095
5045
3575
11425
3963
1664
7743
9869
11709
11756
1295
8511
3600
8648
5567
10966
7315
5895
8863
7643
3713
11480
7694
3808
10388
6039
8909
7759
8223
6890
7609
1256
11039
811
1932
8766
3168
2360
10365
11485
9375
7010
1172
11105
2124
9615
6513
4685
7419
9184
2274
2457
5763
8595
80
258
11657
151
6032
6360
10181
1784
8171
6158
3251
321
10644
6148
5052
7475
11013
3280
6587
11385
2589
8143
10157
8290
987
6750
5083
1773
6049
3880
11022
4604
6459
1202
10998
2502
2544
3116
8756
6304
2369
10888
4984
10104
1657
216
858
7293
4785
5224
2732
7845
4948
6243
11871
11216
1834
6791
5411
2133
2541
5510
11523
10604
6766
3442
10059
1356
10831
8628
2452
11141
9948
6318
4916
58
1151
5838
5121
7935
5604
11635
10959
6299
7822
10662
6337
5789
7220
1800
1871
5427
5238
7079
1865
11542
10789
11823
4473
5593
5273
5174
10649
8616
8424
1518
8295
3670
6050
2175
9315
7279
852
261
9880
10732
4964
5257
4991
639
6246
883
11374
5594
1827
4429
4892
8113
11378
3998
7535
6945
6751
2555
6533
6565
2047
3114
4746
4219
11681
4627
2083
8962
11087
3917
3365
9909
6016
2669
7570
10436
284
2586
7931
4739
7842
11018
3756
5507
7876
9023
4089
7036
9742
10176
908
2262
116
6727
7818
11446
2280
9784
3468
9586
6804
7745
11595
2489
10684
1934
1429
3720
486
9632
8179
5743
819
9941
10722
11101
7255
6147
3636
937
3457
6874
1480
504
2440
7203
482
895
1068
1696
7623
933
363
9731
4430
7863
1174
127
6833
5913
10265
2924
8177
10484
10517
2906
1549
8855
1005
818
5091
4529
8552
8359
2711
4595
226
8422
1567
4758
5858
3828
7638
2009
9720
3199
205
10904
6277
4723
9691
3090
11773
5836
1062
8775
6696
5364
9456
8672
1508
5062
10260
2368
1103
8850
6454
11685
9275
11933
4085
1248
2731
167
7976
2424
10919
9105
11194
8028
2957
9929
9938
10083
19
4878
8561
6293
2361
186
10594
7808
3133
7659
1440
7762
10481
7978
5095
10510
282
2213
7000
10049
10204
11950
6261
8034
9510
3232
7202
3345
9320
3196
11377
9364
7440
9850
4163
3777
11707
1178
3106
4464
4602
1456
9007
11380
11875
7697
6895
2326
2916
7536
8769
6226
10559
6763
5570
1772
696
3377
6873
3949
7994
7601
3879
2188
6770
2646
7677
11434
7833
3177
6408
6099
812
794
8332
9971
8212
6973
2292
1223
3587
5280
7540
995
1288
2751
7333
648
4155
10415
3034
4063
1400
6323
7033
7251
3802
3097
5322
6975
10012
11701
10894
4111
732
248
2271
10364
11613
7159
11826
3922
5862
4889
9370
2811
3225
7309
934
7973
7135
2475
8411
11081
9984
10221
3804
3564
3320
9660
9253
4733
350
6581
1835
3217
4362
6754
10366
5031
4833
7247
658
9070
4664
10171
5644
2973
10645
6666
2891
1494
10545
674
5512
1017
9735
11356
533
1045
6256
10973
10292
9400
10269
2988
4608
3559
610
348
10852
3279
1817
948
7607
5458
277
3110
2565
6077
8256
4977
1446
4069
4652
5768
11731
10577
209
7713
2155
2547
526
954
4839
1611
6575
4696
6734
10714
9697
2687
9953
9291
1259
9855
4279
8903
7695
2859
1210
4254
8884
1855
7106
5420
10462
1197
10396
7720
4761
490
4065
5888
7775
8149
6271
3059
10136
10726
3677
4738
9195
11408
507
11132
2383
5299
5087
11648
2031
8512
5878
1159
3561
7267
1685
11740
6383
9988
9269
11793
929
5079
5634
6829
2323
6419
7961
11147
6570
6506
6782
10880
3510
8785
8862
5100
9684
8289
6163
2041
11577
4012
2179
5501
1537
5378
5402
9661
6429
7727
5787
4901
10101
3858
1047
2386
8728
4130
8949
1816
2797
3892
2603
7287
3128
10180
10581
7849
8590
7591
8882
3520
10679
11764
1927
4917
3624
1027
269
8458
7115
566
9161
10400
3340
9465
5897
1503
5054
8388
5979
5612
11546
604
11584
8046
5680
8666
842
2222
7801
4920
10288
3195
2599
6988
7800
7616
7574
7964
7693
2082
4183
6457
2519
9513
384
2313
5183
8484
10249
3522
11769
3235
11212
2430
4401
7196
9638
8016
9977
6200
3746
11541
430
7195
3733
7103
11649
4062
9468
3833
689
7108
7792
10194
8947
2095
10834
6774
6106
4289
10336
10304
4875
11733
5281
6990
6053
6597
7035
9352
7404
5347
1392
4232
11589
10118
8293
957
446
3488
10189
397
8451
11560
3635
3538
2407
2033
511
9097
7194
4203
138
10125
115
9014
170
1384
768
8558
5282
5791
739
3680
3785
1952
7499
6469
7915
878
6657
1326
2307
1039
5141
10406
5339
6660
5697
9365
1089
10199
5972
3370
9477
10487
7071
11603
1768
2808
828
11566
6827
1967
9376
10471
6564
3894
6018
2052
1216
9327
8893
7494
3049
160
10623
6495
196
11138
3595
5968
325
7453
6904
6344
10827
2465
11549
8578
5483
8209
8722
11587
11202
2325
9020
6390
7175
11751
7992
2776
3075
6135
9255
265
1336
11370
4334
10741
1438
5454
418
5779
9949
5815
4052
10913
3333
6607
7428
4201
7011
2397
2070
9010
10399
10198
6468
2571
1096
9153
7538
6639
6509
5691
10825
7794
2049
3992
5575
7089
4263
11074
4457
8036
7653
3620
5185
3889
8518
5001
8635
2749
11497
8959
9435
11666
9883
10697
1988
9596
2238
105
3257
5517
11909
900
9764
5776
10482
6162
1234
2027
11326
11192
1142
9593
2824
5448
2584
4001
463
11553
11872
7817
2877
1720
3391
7860
4817
9367
8328
3113
10466
11305
2915
4887
1569
459
4246
8164
1198
6421
870
966
912
6881
11449
7566
2688
9655
2521
7912
202
3982
9829
10918
2060
1990
4929
8097
11786
2641
2245
9959
2293
8483
6546
5585
9085
9951
6427
11472
2056
11417
5589
1506
2921
11742
11213
5005
3904
9936
3950
5863
6307
5891
8787
6069
673
8793
9835
193
1604
4299
5705
4670
4042
9276
7369
6275
9549
6154
834
5971
8668
7174
5032
9591
6536
4686
3165
9568
1274
5468
9540
3651
2483
9961
3150
1825
10522
11415
1605
6747
2006
5081
9515
4157
1281
554
3424
3739
4148
2266
7118
670
6072
2862
6124
3401
10772
2312
2081
832
3567
3696
8625
8146
920
855
8390
6157
10910
4327
3935
10839
2959
8467
10110
8480
10695
1550
1721
9194
6901
3518
10001
11310
7056
4250
3556
6369
7085
1870
1632
8742
6473
7829
8950
10140
3092
7813
5996
2137
8233
7724
7934
3042
200
5326
7197
11583
453
7227
5263
6011
10861
5462
9599
6461
3698
5794
8468
3002
7317
1530
2301
10109
217
8159
11540
10957
3997
7259
11690
3653
11925
5055
1029
5832
11877
11387
3265
10691
10473
6334
4687
10360
8735
8587
2089
10156
2181
2398
2121
4373
11855
5964
10028
10724
6658
9442
5255
2172
2040
5370
2116
10
11055
10512
11505
8879
9980
10431
2479
5613
380
11070
5485
8533
4598
11231
2987
5241
9
10717
7465
8175
8970
8806
11295
7514
867
10296
9854
10129
3064
4227
2267
782
8346
7830
9159
8267
4301
9244
2482
3284
10477
2336
10879
6898
8356
10297
10586
902
8151
1779
10450
8948
1187
7027
5532
3006
11570
2768
9719
7258
7949
5716
8988
5770
9517
1749
4023
253
7136
5154
4121
6373
8811
3434
7249
2085
1283
2597
7753
9708
1852
291
2151
436
8725
11929
10664
10622
2282
6555
1993
5335
157
2880
1125
4274
7558
631
1956
41
2791
11195
10234
6110
3460
576
8319
8337
9711
1
9637
8033
10203
6403
8539
10569
10419
11680
7078
8810
5214
4736
2190
10294
8813
1771
2736
6133
9723
5846
11035
11812
11796
1053
7125
5239
6760
523
10969
11581
5921
130
1672
5442
615
10823
11664
551
7363
2246
11729
756
3341
9122
8755
10935
904
2204
6780
10766
7394
9338
2220
5812
10106
9398
11899
10676
3117
6397
9736
5710
3751
873
4915
4671
5954
3094
8688
6026
6659
159
8865
4228
11502
10241
9245
4691
4435
5274
10069
5673
5259
2416
8717
3366
7587
3269
6516
919
9761
6225
6922
6949
2211
4146
7164
10282
5284
6020
9822
5828
10873
5440
1377
2109
4140
9015
8412
8975
11850
7498
9004
5519
7941
280
4297
7639
2675
4360
11660
11977
7648
10814
1290
3478
4311
4170
11628
5962
6850
5403
6472
3135
6452
1211
5057
4261
9377
11244
6065
10309
2373
1376
8772
9030
4173
6699
8727
11341
3590
5181
4724
3576
8150
10341
926
666
6981
4084
9166
6933
10853
11880
6238
6138
4857
10290
7873
9525
11223
4199
7397
5755
1279
6543
9715
8395
9798
4845
9811
11321
8694
7946
2850
7167
1177
11050
285
7851
8945
10621
3569
5439
11969
8943
5610
11209
570
8200
6269
11724
163
8729
2180
1485
5000
5786
8320
10188
11599
4073
9531
10828
9916
10580
11416
7682
2567
5443
5659
4934
1369
910
4544
6196
7541
399
5699
10443
2979
8102
6348
1442
6634
4184
9562
8650
2838
2127
2230
8367
2690
10819
2013
11745
1003
2091
6529
7146
4014
3555
3665
1339
11291
7470
945
477
6831
2999
3683
9928
5581
4589
4061
341
8234
6385
5453
9182
5956
6345
2120
452
5429
5017
5146
4445
3674
3708
5415
4697
3953
9092
10254
9826
4626
11634
11366
6144
1411
8782
787
821
7902
1409
7468
3438
2412
6284
5695
1233
135
166
9889
1989
5917
2527
7537
6878
11410
9350
1349
2738
10734
9460
7291
5892
3221
2715
5690
8240
1484
3916
6292
6605
2005
7053
8629
513
8531
1054
154
61
2876
619
8780
1123
620
11924
7621
9302
11761
9397
1933
8284
4528
5725
5433
9675
3793
5686
6559
6905
6214
7768
611
4341
1427
8675
7352
8911
7223
3375
3371
6357
9542
6009
5144
5102
1133
5870
11719
6842
1127
965
52
8748
11698
10641
6254
7206
7864
9081
2665
10705
5698
1520
6585
3849
8566
6129
11646
5142
2237
10674
8125
4296
4585
11279
11487
6185
7870
1810
8406
1357
9185
10073
8661
7988
6482
1074
10413
4202
136
10536
2878
621
8082
10769
6604
10107
969
8803
8158
11926
11236
5104
4216
7120
8929
7388
9179
10323
7126
10755
6363
8603
6907
3644
2215
2236
9287
4322
4317
3634
2308
1946
10459
3205
11863
10599
6183
7449
6484
2865
3774
723
2076
3792
11148
4096
2044
1571
6583
9390
3083
10173
5734
7656
11173
10921
228
7284
4863
10113
9622
9588
9167
5365
636
1783
7186
580
693
355
7268
24
5220
835
2653
4815
3612
3845
10631
11477
5244
4775
11069
5973
6939
2242
2578
8904
6644
1864
973
1380
9006
10738
5038
546
11723
9240
10089
1921
9217
7396
3446
11715
11970
9631
6991
6563
1908
11478
4312
1269
4864
3872
10887
7476
702
9794
4955
448
1416
5409
9382
3200
7461
11316
809
10862
10531
4517
715
9609
1793
6449
5122
8834
3045
8042
7294
4145
10745
9685
10994
11414
5337
11580
6368
8123
10729
9878
7013
8808
11340
6057
10281
5473
7138
3941
6317
10108
8281
1691
11060
3193
11456
6852
6213
357
8144
8716
11509
4649
11304
3958
6280
7143
6889
1415
5899
6545
3574
9247
4856
1215
7573
3039
8043
2587
3378
1499
10057
7452
10377
8656
396
3361
9192
3700
1060
1091
30
5342
11979
10781
9261
10449
10200
8699
2952
1644
9544
10147
1803
7051
1476
5063
10868
1007
3264
8130
2094
8583
1273
6315
11893
11830
10882
10398
2508
11803
10165
1764
1548
4103
10072
7200
9115
5020
11466
8676
697
4002
9534
11106
6193
7907
849
9290
11265
10441
7641
4524
5208
306
11261
1858
9666
1072
6628
2787
3250
7092
21
1745
9793
9108
9438
3909
10238
10625
6182
7501
7889
5854
7385
10236
10915
3444
11904
1417
7914
9765
8585
10809
3650
10258
5633
9965
3926
11393
2318
298
10627
9059
8933
6331
5618
10251
11886
7568
6426
2377
4683
1743
1399
5975
10841
4952
1723
11453
1554
10495
4772
6040
6445
3052
4451
5953
3026
1608
785
5068
3607
6159
6914
8009
10212
6689
11568
8646
7562
3516
7828
622
8238
3182
9267
7144
9842
659
11778
10137
7605
1362
10815
27
8142
6352
2889
8996
9147
3719
2216
9371
2914
9752
596
3353
7853
11464
9899
8987
8136
5795
3930
4027
5805
10416
5134
5130
8774
11842
10728
10386
4734
2780
10271
5765
1352
8166
9029
11343
8298
9210
8255
7874
4832
10422
10139
9867
8222
6811
11258
1637
8497
3836
10524
709
9164
5912
4821
3893
1594
5229
4847
10358
4105
8083
4345
2490
7460
2905
4634
1801
7325
3528
1315
2186
6996
7298
1620
10197
10690
6295
6728
262
9555
4438
11882
11780
6808
7235
3429
4842
7408
8894
2028
4097
3222
4076
9772
4411
7393
10587
7878
359
9388
10689
5502
10843
3611
2806
2633
10086
5381
8410
939
7750
7967
1009
8839
5523
2142
1366
1826
8843
110
7090
10295
11102
578
7642
1892
433
8572
9297
5327
8977
1424
11920
4123
3742
1218
11615
8403
8372
9967
5681
8740
9118
8472
8378
5495
11898
10570
3203
11432
6061
10847
10493
1094
8446
595
4008
9520
5423
8425
7081
1516
3296
8206
1542
1322
2512
8078
871
909
8833
11075
5662
5397
9068
8744
273
6240
7234
7063
6024
10637
8354
4295
2247
8070
5650
5631
4006
7696
4049
2064
7771
4699
9487
5811
11431
9148
4485
1382
10121
1668
7485
1146
8980
647
4151
4187
5987
4248
153
9313
6958
6395
1085
2010
5089
10666
4924
9643
9391
11879
1425
2196
10706
1363
7221
7747
6724
6216
930
6801
271
2357
7691
5413
3824
6877
9671
1951
5788
1350
9536
6236
9061
9547
6619
3692
3671
688
4568
3262
5926
6664
5609
11747
9780
4702
5328
4034
2455
5927
9644
3290
10025
10709
11949
3462
9551
6184
11296
3759
10958
11088
3585
7154
11644
11544
2640
790
203
2309
4190
7225
7024
3492
8597
5977
6717
5756
8211
9773
5008
9150
1728
8299
9933
9280
7295
9303
9337
10566
7113
5908
6845
1312
8827
11891
6705
6609
133
3496
2948
9800
5856
2448
229
8163
4725
8263
8707
4144
7548
796
7575
6361
2982
4090
1732
5118
8219
3857
7472
9433
6204
2984
11968
786
6156
1063
10453
4735
7482
1701
6698
9924
8201
3397
10597
4466
4455
7381
1396
7127
7133
4329
6474
893
6436
4269
1981
11957
5664
4186
8657
7156
1205
10387
1360
8505
8736
11808
1765
11251
2580
8700
1880
6553
11906
4004
466
3415
9041
1699
3108
11798
4797
4774
3435
1100
2259
4440
9362
11873
8956
6678
6844
2955
3308
1110
4890
2577
10191
7865
5541
1683
5556
5790
10795
1230
432
2568
10961
577
5120
616
6677
2002
2428
6632
2036
11718
5069
6823
7264
8598
11499
11348
5355
4795
10031
1479
9748
9578
1168
10445
5250
10300
6010
1640
10389
9989
3596
9188
11961
10240
2228
6114
10115
302
10424
4751
168
6810
6288
4421
206
10345
213
496
8537
608
1153
10897
5086
11868
6480
9222
8173
8283
8864
1182
1065
11447
4444
11501
10362
11951
4318
7007
11163
2658
4452
5706
959
8047
7893
7827
4582
2782
7754
586
4266
9976
6201
8119
8067
1651
5573
4339
10019
5533
3174
9674
9845
1938
10638
1905
3122
3744
3714
3615
5315
11121
10317
10472
6384
998
2514
979
8630
11936
10143
2051
7932
11705
9208
6434
11537
4101
5039
2632
11470
6490
5384
4947
1220
6512
10454
9080
11197
3281
1887
11870
10476
3859
5844
2176
5246
11320
11918
3008
1631
83
9623
5959
3797
4940
10635
11462
3103
9360
2476
9500
10085
5799
2038
3080
7502
7232
404
8239
4716
7004
3831
741
7237
11530
10992
5508
7054
2844
8454
3956
1454
1439
3773
8351
7384
8708
7349
11297
8814
6706
11153
3689
11046
7052
10653
4801
9972
11574
11670
5202
3786
3230
9918
7326
9725
5562
613
5488
6111
894
10169
11031
6140
11426
1457
8991
1483
3715
8513
3148
4010
46
6094
9882
5859
2164
11233
9912
4418
10370
5576
4080
8112
2896
7816
6210
11036
1926
11694
7395
6325
1959
10062
1760
568
9011
5288
5139
11352
8856
1714
793
6251
11818
599
547
9886
3246
9634
10179
1925
5935
2473
1240
1406
9589
7347
211
6820
9292
5824
6074
11073
6098
827
8089
6477
1497
5162
4656
9796
6215
4197
5835
8380
378
11988
6096
11276
6534
8705
9412
5868
6819
8835
8247
3866
1437
2069
823
9799
654
3991
7898
8998
1976
9592
3355
6371
388
8210
4136
266
3346
2574
9349
8134
8436
8897
2719
7732
8020
5572
7624
3354
11274
3465
8504
10437
6062
6578
1806
3202
11819
4372
6476
4482
7308
5400
2588
5974
7722
11858
864
4811
7171
1949
10298
4348
9055
11169
8348
4106
11512
5059
6707
6146
3068
9218
10730
3271
7474
6803
4365
6752
1587
5547
1579
8500
7429
8301
6335
10428
6652
5481
3881
2540
11298
11479
2487
2928
5197
7130
3741
2932
5425
10984
4504
1517
3256
627
45
4831
2525
9126
10542
5722
6375
2463
9507
7441
2214
6149
1271
8914
6192
5762
7843
1282
7757
6746
6544
4281
11614
5879
963
6458
5635
8544
11602
6741
8853
11771
6178
7043
5030
8181
5548
7518
8691
991
3497
6466
11661
3918
3647
9120
1739
2698
6864
493
2249
1896
2453
2530
50
6966
4176
3275
4694
1841
1156
7547
5580
5588
1051
11578
3022
9480
5496
10223
5375
1467
2227
11118
9851
4350
7032
3579
11922
2861
9524
2345
2534
11171
7288
11809
4534
9677
10900
6393
2616
5168
9625
8995
3057
9237
6012
775
2359
6871
1617
3601
3360
3214
8880
10981
2827
8072
7735
8280
11514
104
9037
7516
2513
3603
983
2435
7230
5377
9702
7141
3087
8041
2478
2964
2022
7832
5772
10568
10022
215
4264
7790
11679
11765
5049
11538
10607
51
5800
6940
1603
9493
7257
7088
989
489
813
3473
6021
2370
11234
1782
2456
9499
3913
9856
424
4223
5914
4620
5324
3920
6467
8569
6944
10287
1458
4881
11044
10079
11372
935
4108
667
1158
6885
10210
9827
437
10314
3158
2997
11674
8624
2461
9563
10844
4609
8491
9885
2079
8035
5546
8825
6494
4077
2241
603
7484
3903
3038
9978
10533
9393
6857
214
6884
411
4672
6623
4769
8731
6793
6005
11266
9348
6153
9467
1140
4205
7096
4537
4612
9381
9308
329
1799
5839
7107
10412
6398
119
9483
9334
3406
8363
8090
9294
6656
4822
9913
1287
6130
10335
9786
11445
2582
4771
9489
9341
1815
5909
9189
1307
97
2592
9767
10538
8012
5316
4198
2231
3096
4171
1776
4436
11203
7031
6230
8974
5219
6992
7680
7245
6805
4539
5540
2949
10914
11900
7602
10785
5115
3690
7260
5688
5113
3870
2572
598
5687
10614
10128
1878
9582
5222
3530
2300
1923
4410
11914
1403
4577
9862
77
2720
7114
6888
6643
4320
4277
10178
7831
974
10183
1292
5958
8352
4462
5777
5751
5955
7674
7936
1541
3897
1837
9788
2754
4794
807
8683
3729
9114
6194
2353
171
457
3328
9884
3145
5330
8044
1432
9892
8236
10040
2611
9514
2813
276
3705
9448
11285
3972
8733
434
10792
876
5050
4212
2194
10609
3206
8368
4999
5221
7246
605
8051
5051
735
1747
10027
5189
671
5723
8218
2057
7752
5742
7721
4259
1943
9612
3312
1713
9670
9131
4021
4629
8667
8930
343
7405
1902
705
532
6356
4876
4768
5302
5268
9757
4611
6272
2016
9963
11335
3829
1050
1778
6676
3970
5317
11023
11436
4660
1770
2065
4523
4690
10989
725
3896
8161
6976
3065
8749
2303
6591
5340
9532
10573
9975
11161
6437
5388
7517
6930
6328
8393
7684
2138
9474
400
6309
4527
2375
2969
11697
1863
2297
10971
9451
9681
4765
6367
11381
4088
3157
5170
5366
9946
2162
2570
609
9516
2405
3427
6735
8925
4242
3967
1532
6663
11511
174
2
10411
8253
3593
4667
3755
4044
7966
8376
8902
4515
330
4427
4013
6402
8490
5919
2272
10907
2378
7990
7631
1121
4579
4268
11915
10558
1812
4782
11014
6593
7615
2946
6959
141
5852
2543
8916
10439
8120
9298
11787
642
3190
5291
2974
2992
4053
9694
6453
5817
5033
1759
10509
656
8474
7776
11154
6303
10390
3622
10595
5137
5663
8807
1875
8361
8111
11991
6716
10256
8565
5088
1794
347
10403
4403
3780
5886
5147
2413
9490
3129
4578
4547
5621
6370
11526
3921
4237
9021
7222
2239
3908
9075
6748
10353
5254
11430
11651
6102
5414
9958
3005
10747
10779
6580
394
293
6733
4759
234
5460
7296
1505
5950
8921
10791
2187
1680
1500
9344
516
10589
4850
103
4188
86
538
11665
10972
9809
8783
9428
10822
3933
4338
10560
7791
10155
5405
9156
5591
3474
9999
10064
383
3618
7102
4536
7635
4923
297
5465
9910
3527
4508
10076
1148
5675
3813
6068
2197
5176
11908
6165
9747
7305
11003
3588
4461
7947
371
4310
4245
4862
1584
1839
6572
6948
11262
14
4448
829
4270
9149
3339
7510
10002
9199
7698
1395
6471
7838
8639
423
1712
729
6557
91
6145
9353
8141
10248
11489
11255
8542
7067
8018
6496
10273
7242
887
11222
11831
4975
6911
9575
6355
4545
7430
6377
10440
2092
11714
5665
3526
11399
3028
7038
6667
3891
7176
2275
4493
3752
6260
9812
2045
10590
2226
7238
181
11621
6047
2486
5792
3633
4949
8392
1345
4911
6285
11122
1502
10051
8096
10090
317
7252
5363
11766
6965
5424
3412
8323
4260
8162
6493
2281
5445
11108
6515
9052
9816
5116
6444
9501
7280
3374
2496
4309
1830
7590
10355
8274
1303
20
561
7834
4967
3099
7610
4526
8190
1235
4020
4185
5011
7327
9998
1555
1522
8606
1649
1724
4194
10008
8966
4720
672
7256
2106
892
4072
8294
8027
11672
5552
3404
11143
680
6504
9859
2564
4492
4221
3228
7780
1662
11862
10851
5911
2355
7855
8540
11461
9326
9013
1298
10883
6079
7191
9324
5135
707
8140
6518
7168
7655
4233
5455
111
5203
988
4230
6314
1789
8891
8022
2977
6076
753
6894
2703
10937
5165
581
11284
2879
6682
4712
5093
10650
3130
11193
7153
7424
8976
367
1251
3273
2464
6891
2062
5504
7984
6380
8432
11051
6083
7879
1237
6411
9363
10988
9687
7015
1780
6488
5524
2686
9432
633
4679
11267
413
2130
2365
299
2623
7820
2823
2219
5053
803
6979
6732
8272
5645
6276
11746
11996
5629
11428
4472
1354
10246
6695
720
6547
7625
9155
4826
3402
47
9072
6943
2182
1912
7704
4603
3877
5367
6955
11391
76
6267
1016
9325
5566
4431
1736
8148
8269
3990
8303
3062
2314
9509
182
4182
7937
10788
5101
10138
2722
5190
6893
10408
7991
9583
7612
10037
6946
259
10548
806
8429
914
3682
6446
10628
3382
9783
3865
1694
9236
2112
6528
10088
11912
11612
5036
11467
1095
4214
3176
6759
180
2620
2200
5679
2897
2917
11637
1428
4650
1044
10948
1746
5422
9833
2980
428
9914
3303
4032
10821
4193
1561
9197
5025
4711
1612
3101
2481
1265
7741
9957
4404
7161
8812
3717
8946
11123
8516
1947
9463
7410
2032
1169
6838
7636
9554
6266
6407
189
7286
2985
8032
1820
4235
11671
3517
11843
4837
11311
9427
5369
1464
7012
7812
8526
344
2146
8199
7432
5234
8659
8681
1869
5211
3285
8764
9028
5213
6584
5537
1342
172
3107
3996
8876
1918
8910
173
3197
10601
4645
6776
4943
7480
9271
9346
11158
1666
6478
11034
2105
8396
3869
3623
9285
2439
9329
1538
7729
6721
7660
5678
6294
7184
4358
5296
713
11992
6686
1727
7462
2590
8826
3115
2265
8936
9424
3592
544
296
2884
5301
7552
326
4434
5060
4035
4303
1578
1379
10626
2628
3769
11576
8038
9373
7901
6985
1444
6160
7606
7493
9875
7524
364
2873
6757
10794
3999
3237
8084
1166
250
3084
1152
2193
7972
7751
1150
5759
10091
4556
4989
7617
6503
10555
9141
8961
8548
3171
10349
1709
6392
1436
1690
10374
553
6883
10800
7795
9838
0
2135
7371
3021
531
3100
11752
9469
6579
7368
6934
1180
7427
3656
4351
4766
3105
10070
3352
1130
11616
2854
3584
9316
10708
1742
2025
1705
10305
7491
11407
1296
4117
10328
10048
2671
10215
9345
11086
6778
2805
9868
1351
7459
10603
8883
8620
5509
1787
931
2087
1478
8024
9044
10964
1652
3709
3721
6708
2255
9050
10342
3771
1306
5318
9172
4570
1679
710
8633
2693
11815
7706
6846
4503
11573
7544
9328
9137
2962
9738
11139
4586
1397
2394
10551
1575
1238
2202
3699
9342
8519
7692
11313
4816
5655
3637
10765
3048
5528
3393
1600
5864
1037
3514
5119
389
831
4225
3610
8304
10494
4874
9803
3943
9920
5434
4841
2898
8685
7447
6595
11606
4693
3957
3495
3789
8098
6913
10952
2893
9642
7254
3233
4458
1987
4757
3825
3379
5348
4662
10158
11242
5907
3494
9368
3977
1473
235
5151
7600
7731
3649
6737
231
11312
5058
5599
7292
3394
4836
2494
8105
124
2466
6599
9937
7748
10829
1899
1529
5674
7353
10280
11565
4918
8720
11484
9881
8007
8345
11727
9785
6043
6627
6332
9485
10983
4349
2552
8168
9440
4129
5399
1708
7852
7034
6753
6531
9113
5346
8824
6023
10417
7714
5480
9745
682
1069
2831
6854
8847
2342
10646
8520
2901
7632
10036
11516
2495
4888
3201
1607
9778
1252
6562
744
5099
11083
10768
9641
3871
2224
7789
1890
7454
9950
9921
4315
4293
8381
708
11483
3512
2727
2695
3546
6118
10967
7509
612
4119
1004
4910
4525
4540
9590
9423
3316
4475
6932
3359
11439
4871
4066
5066
8003
3766
2816
7370
6626
4286
11597
1795
7699
7891
6999
9130
5076
4470
65
8419
6608
911
7507
7134
2585
3254
5160
8275
11092
4997
287
4624
10757
2008
11025
9405
2923
8622
10214
712
585
9101
9042
3054
5796
9233
11205
11741
6424
2263
1740
10068
7847
6589
5963
8888
9787
2563
5934
8557
190
925
3223
8532
5653
3581
5395
1962
332
1221
7896
1489
9848
3111
5717
4278
8167
5166
4587
5416
1285
101
7702
3725
2968
8837
9299
339
9171
11517
10393
257
4900
10661
2739
5186
11237
3299
10535
2289
11185
197
7777
2839
316
10463
5372
11404
2469
3505
4383
9434
3854
6203
9262
11450
6263
7821
10771
3961
7373
4939
4640
11162
3844
2648
7342
2825
8619
11217
8193
5046
3772
3800
8645
1702
11901
6339
6464
3716
8549
4658
4566
6653
11277
2515
5654
841
6199
1244
6430
9361
792
3119
3261
3760
1453
5333
3566
7304
2909
10583
6756
7755
9618
7082
3599
9923
4463
11876
8251
1601
7922
7481
10799
11832
3050
4591
9597
4405
10727
7928
3675
11336
6499
1692
6691
1321
3218
7534
9234
5494
3852
4502
3458
5538
4208
10407
10565
3047
2191
391
7042
8433
9801
9871
1975
1008
7148
1105
4530
10654
3191
6675
2790
11596
470
11228
9960
9629
7131
8476
11813
5194
4118
2024
5998
6631
6209
9646
1734
7765
4258
3563
2726
3973
10161
10678
4015
6171
6195
6813
11360
2208
9528
8762
4966
2257
8314
2339
11111
4139
11405
7407
5361
6152
2419
3577
407
932
2459
1572
4488
2143
2942
10634
64
2770
11498
6341
281
10917
3810
5671
2814
1884
3796
4519
5778
9607
100
5084
3523
1625
10503
6046
11515
10803
1313
8252
8444
8643
8938
5071
589
1758
9973
301
7773
7350
8198
5265
9808
1263
7785
7402
3291
5311
7846
4904
1469
1132
1808
1334
2716
2268
10532
7151
8726
4557
7093
5252
10804
6305
7273
2333
1762
750
2593
8506
2131
10163
10780
3586
7021
5683
4412
3882
1563
2086
11220
10134
5830
1372
4509
1364
9840
4572
7321
9486
4661
6769
1120
10357
2894
5285
4505
7416
9714
1606
3102
4745
11383
8039
9357
6211
7398
7788
1588
1948
11451
11797
8341
1107
10460
2018
4638
5107
1106
4016
5128
1560
5605
9664
1860
5639
1319
4058
5435
6978
2944
5941
230
6568
26
1434
9083
8828
9204
817
10812
7241
8315
10491
10500
6886
3215
2836
10926
1262
123
3965
1314
7386
1194
3425
5313
7542
3627
11089
11548
7700
3046
745
5810
3392
4288
4490
4152
3524
2192
4048
11927
6602
10299
3525
774
10066
7980
6582
8770
824
3072
10733
1343
1627
5905
8859
1219
4330
7403
10024
1092
6321
3608
3657
6241
3358
2636
8154
8471
2996
7312
1036
9887
6558
1278
11361
2986
6941
7875
4719
4098
232
968
11567
2080
1621
5623
6826
9792
1032
7379
7149
1552
9026
3807
9553
2594
2752
8250
7433
2972
6646
11149
601
8889
9600
6187
7087
10242
10253
11386
4655
7020
8318
2733
11491
11215
3337
5752
2872
5325
9144
4899
4593
9519
11788
1788
11444
10081
7041
1154
274
4705
1293
3978
4893
5110
6680
8101
254
5391
9728
4426
8261
9212
8866
7178
9508
8576
4359
2822
6327
7376
3902
1371
7597
3383
1246
5362
11739
3169
8496
7014
6462
10166
9908
1181
8389
2480
4835
833
6423
11329
11667
6151
10753
8355
2956
5764
8384
5196
9779
438
2330
158
3430
7076
9193
70
8371
4265
2072
6229
11676
8896
9254
4177
475
94
7140
2683
8654
11246
5195
1969
4786
10060
9819
2404
4976
8900
5133
9175
8013
1012
7899
5933
10630
11151
4496
1449
8327
2829
2437
1929
2157
3472
2670
4132
5712
8225
7867
7437
1689
6001
11005
3743
10162
4030
6440
7557
6629
9462
5889
8611
10716
11409
7338
11569
2409
1383
5108
9858
3091
11030
3015
1904
488
4973
11175
6900
7364
1477
6616
6052
2858
11525
139
6915
9770
5579
5984
9898
11364
1021
2864
2528
7365
9086
11419
593
8316
8122
405
2817
7354
5560
2223
491
5976
6738
4081
11206
5379
5942
4616
7519
10890
2970
3915
10352
9100
9888
10006
5876
1495
9566
1408
1633
2420
4142
8967
3867
1663
927
5818
8960
11986
8135
8952
2402
8538
460
5343
1717
641
4715
2542
414
11155
1838
9124
8867
4946
11400
11903
4994
9431
1786
7319
11610
11503
8901
3798
567
11941
9636
5797
8366
11367
9817
1781
4630
4116
11302
294
5901
4678
5469
8858
3004
10372
6041
10478
2500
10633
9633
7881
11240
2655
4422
1895
733
9543
7261
3988
3450
236
3740
9857
9408
4600
2210
5525
1913
6551
560
11720
953
10701
9174
410
10067
3718
5344
2757
4737
4150
8229
4877
10742
1706
1766
10955
10376
5766
9094
2576
3093
4364
5240
310
10979
4
11967
1774
3975
4249
8797
4484
8751
2485
7733
10876
3295
2558
5290
660
717
3414
6242
7933
3388
1441
8931
765
5155
5851
2613
4238
11160
3088
1243
1818
2569
6014
223
11324
9284
421
985
7965
5728
1819
11817
8486
8680
8139
10505
6258
4115
263
3437
9163
9545
8499
3152
2474
2734
9821
11963
2895
10744
6703
2993
1359
6105
7634
11943
9304
7412
982
9995
260
11271
9774
6688
6561
850
6126
4107
8449
749
9521
3482
6127
4220
8178
3024
5064
6815
10902
8248
9703
10490
3695
4494
5720
10808
8053
3342
9132
10534
2672
6492
9082
5493
8124
10383
1991
8470
9533
1961
4958
4100
9207
2765
4913
2392
247
2364
11077
1996
3078
10605
5745
4675
3298
2071
543
95
8759
6104
4987
8492
7766
4273
4510
3156
6233
11844
5823
7005
2553
11421
11911
9572
8926
4898
857
5801
5470
8340
4897
5232
2718
3073
2786
3898
3053
1463
1635
8330
146
737
1348
897
3266
10177
6002
10830
8852
4532
10350
4102
1136
7314
4240
7366
1030
10576
8993
7380
8593
5992
11032
5843
6179
7968
8482
6880
1650
4491
4344
3056
10866
8823
3127
9445
2343
4409
11650
1906
10391
7006
9535
5825
8502
5080
588
1856
1619
11682
11007
7182
9295
2379
9200
7147
8008
8326
5489
10530
11256
3470
2119
5569
9220
7975
552
3329
5026
7856
2684
9620
8869
8964
6006
3814
10270
7925
3544
1876
8457
10202
9906
10754
10578
4681
11037
6320
2073
6925
2367
9526
2270
8074
10151
4639
6745
8109
11094
1813
6249
11889
9732
2704
10826
10434
11673
2288
5466
8333
2867
5013
7211
11455
7163
825
11323
8637
3712
4218
10657
9406
11632
8228
11307
11052
6661
3685
147
4870
9127
8848
571
541
8443
11475
1622
10315
152
8560
1134
1389
7676
11601
7332
9782
9546
6521
3181
2366
272
1673
2206
875
8543
8416
2936
5561
4860
7320
5103
1581
9917
9997
7523
9003
1386
10807
6311
1335
10020
4802
990
5924
3061
10065
6353
7478
1143
3422
10426
3334
11758
517
1928
2201
10735
4307
1893
618
10446
6235
10737
7226
5426
5387
9939
9446
1033
3151
2346
2111
5323
9775
3934
9648
1970
1317
3664
6926
6190
7269
10660
5660
10105
6415
11164
2115
9162
10736
3051
9992
3238
10651
11919
6322
4601
10782
2163
2546
4903
11254
1267
6399
4056
11218
38
10148
1426
4996
11429
5320
9425
4276
5733
10047
9472
764
8541
4971
4623
5601
373
10456
6500
8128
1513
5437
1268
3843
7571
3508
8137
6701
11144
8377
5474
2927
6588
8885
11110
5642
3263
10667
4406
2217
9925
7367
6497
3541
2184
1574
3304
3469
5829
4244
637
9024
11306
7840
3448
2801
4478
4467
5074
5179
11068
8110
7048
5773
896
5534
6843
11146
5701
4631
7331
6487
4499
579
8662
6100
8832
6654
5529
7841
10692
5321
3413
8877
10773
7179
3188
3684
2171
7037
1848
447
1087
6872
11168
10968
10187
4950
2657
1700
9135
9479
9828
9379
3809
6308
4776
9088
530
5199
11931
826
9418
5438
7529
1802
7471
7378
485
1565
8453
8986
7047
4980
2696
1309
9216
9649
3748
11250
6401
10261
3643
971
3408
2374
9763
3400
6839
3944
2745
6783
9000
8313
1206
9944
7508
6489
6736
2526
11869
5002
5939
6101
4855
441
5837
784
6122
8365
1482
1361
854
7374
3236
2870
8932
4147
722
429
10539
2415
2820
8079
3455
602
2701
10230
1844
1915
11725
11145
9922
10718
9970
6935
9659
5890
7963
5463
5129
4521
8029
7995
8958
6121
1404
7274
6814
9158
11150
9873
3500
8815
4562
8501
11350
11317
6714
11552
3938
255
10895
626
8174
10816
4648
10516
5143
1797
2296
9658
7958
113
5349
10574
7496
1258
322
8776
10502
8413
11332
10514
8971
1920
11959
10384
2509
10227
5565
1472
5669
718
10713
2125
4398
7687
9718
1655
9063
9232
9891
8421
4646
480
8133
6936
2556
2411
5408
9335
7375
986
11116
9964
4501
11021
4684
3819
5358
8335
401
10346
5172
7209
3385
11652
5658
8402
5871
5266
938
8693
487
6722
11619
1056
8634
4495
2826
11170
9894
3907
6189
4267
7837
1881
3418
8306
183
8632
6821
4026
542
10034
4565
6000
10928
6470
3846
11617
8430
9033
2126
8920
1422
4082
6176
5693
11358
66
5511
89
7009
7825
2110
11995
8374
10133
8599
7425
1175
1117
9470
3405
10909
4592
3686
4154
1984
1992
1098
9579
3307
9985
9226
1731
7495
3919
1486
6668
8450
8259
7906
5741
6879
4236
11490
1231
11268
9447
1580
474
4814
6174
6650
7647
862
10337
4506
3428
5820
10190
514
11080
7823
4569
5124
6995
239
425
1998
2758
1704
4555
11934
6526
1945
7
6697
3069
9215
4731
2775
9018
2627
11040
9394
5898
2507
194
5431
2807
5920
10943
10547
9229
8329
10168
10438
1568
3533
8559
574
372
3888
3876
11287
8447
916
6704
117
3126
3211
9841
8404
7190
5148
7588
9676
11026
1128
6787
9258
5902
125
5929
11556
39
3454
4896
7018
345
9387
6571
5646
7064
8609
9330
3937
8873
2639
5514
10381
8060
5171
1059
7277
7539
8069
7657
3753
6633
3293
11275
7711
2205
11059
9206
1986
1196
4809
6166
6855
375
2159
6690
7145
6017
5731
6372
6198
5648
4580
5544
10840
3912
2499
4513
5995
5713
7244
11333
5048
11866
4290
3277
7650
318
10953
4641
10382
687
4453
10206
8978
4689
5200
6507
10021
88
11608
8684
5308
8503
7872
5638
9506
2039
3826
4805
11618
4300
416
11270
6772
4798
5925
8091
4622
5513
6952
2659
6180
2666
1958
8937
10925
2471
5294
403
8895
4443
6417
8710
6624
1157
10475
3551
10340
8226
4174
10378
10120
9111
5401
6974
7769
10546
10743
2445
1048
1821
1687
6455
9496
7116
9766
947
3557
11579
3154
6324
677
3301
3194
8165
2046
440
3368
2792
5577
3343
7057
11801
5404
11975
9133
1393
569
7910
7239
8665
5703
10787
11865
2035
11390
10658
1149
10892
53
2908
1777
9168
10668
3313
1507
8927
9090
10423
1854
1681
9698
4074
550
7580
861
4927
464
9743
5193
889
2406
8702
5078
9129
62
8696
8842
1208
3553
7337
3639
6113
2743
11019
4378
7805
2059
6412
4960
7613
1474
5803
5201
118
10041
2538
7804
5707
11496
10432
3873
3955
8562
7598
3765
6951
2812
9416
1656
5251
6008
2566
1862
71
11717
2784
10817
8550
11278
8221
6413
4408
177
278
188
4625
3654
107
10347
3640
11424
1930
11845
2232
8664
4243
9151
10467
10932
10777
5249
114
4166
2285
4425
6802
11225
6282
7586
2015
8048
1353
11142
9331
9251
563
10721
8617
2351
386
10321
4628
970
7892
5881
10247
7868
10496
5024
9700
1099
9512
9863
2723
10985
5487
10229
11058
7688
2302
7645
7117
6788
2484
4164
10208
9128
2000
3821
11930
4162
11113
11703
1344
9225
3459
5334
9807
9768
3995
3539
8121
8604
8063
11611
2011
3112
11389
10312
3003
7883
4474
10872
7300
630
1082
2966
2656
9036
8208
9411
11191
515
6139
11585
4226
3914
1025
9739
6037
3534
4415
7299
11207
9942
2598
5382
510
502
590
9853
9896
11562
7512
10279
2913
11247
312
11342
2299
4885
10078
4861
5884
2857
11980
4937
9228
11412
8969
2744
7944
9621
9565
2061
7858
2501
5543
9614
7871
11954
8737
7099
1965
6093
366
1960
4007
7362
59
10884
1496
241
10520
1618
1212
9904
5070
4031
8336
6669
2939
6425
5262
8870
8917
4747
6439
10672
8515
10141
5641
4554
6091
6670
6755
10707
4615
4552
10074
4161
2750
6326
5771
6498
11011
7594
7689
29
7214
11795
11078
7565
10529
8781
6902
6725
4127
5754
8582
1695
3605
9990
7728
11120
6279
9407
8324
8231
84
1289
6848
8170
1291
5980
2910
5596
6086
3536
1639
4456
3994
1710
10123
10784
9804
575
11465
11838
6250
3159
1901
3954
10033
6577
7811
3613
3209
5831
11152
8405
10864
2785
7786
2963
10694
4654
5616
4368
9152
164
1698
8440
11897
7652
11346
9935
8302
11750
6054
4143
5853
6601
6849
699
3125
10005
6625
9624
844
1953
3687
6977
2764
5009
8428
1214
3071
9759
805
1031
4763
1576
4326
10112
524
2058
4919
716
11325
11172
4779
2426
5647
8820
7679
4965
2128
3142
5990
10575
5044
11633
121
747
9422
10767
6208
6265
2575
1750
10023
7672
9223
2668
6404
4945
11994
10977
11973
6713
9300
11199
3164
2438
4480
1868
199
4531
1171
506
4018
4956
6085
10615
10094
3123
5627
11811
2967
10682
10759
2958
3431
3910
3239
1545
7681
1999
11127
9488
7862
8510
3732
3543
8383
5694
6088
8216
1043
9635
1390
9969
443
1080
5719
1015
1423
3363
2925
11406
3220
5287
3356
8934
11362
527
5708
11730
9058
9385
9403
4071
3009
6720
6525
8438
3853
4512
11401
2310
6927
1751
3761
6170
7060
4854
7022
6997
7123
5383
10274
11888
4337
5012
6347
9311
8918
87
4038
5651
6635
5582
2007
5278
2676
3477
9707
9587
9321
8176
10886
11282
10096
9309
4385
1544
3962
2322
2207
8899
9987
7418
4160
3940
1310
1847
2277
5821
3138
10544
9283
8169
2444
2140
881
5180
10192
1521
1046
4727
10974
8077
354
9820
1763
11226
10331
8758
11800
6255
3794
557
7467
499
376
3942
10164
906
6800
187
2381
9187
4784
822
2700
10087
11376
1071
4399
5602
5310
227
5163
10217
16
11079
7497
3032
10885
1624
11299
7155
8114
1658
3969
2327
6834
11807
4355
3229
7463
8687
7216
1254
7025
9458
7205
9025
3658
8469
4637
2920
5916
7608
8010
10275
8906
539
5158
8819
10122
2871
9279
9548
6422
8099
10404
1057
1239
7814
7445
1647
8555
309
11594
5298
1064
11129
5336
5931
5946
3079
4319
7904
9296
2874
8878
7001
10758
8682
913
3137
11575
1645
11
6123
6063
996
10307
5098
5261
3031
2621
4560
5105
6316
1738
9492
11816
3323
3463
7725
7888
8145
7340
802
10483
10636
109
7112
11440
8399
6847
522
4872
1756
2294
11999
11532
8257
4770
7152
289
10648
7618
9968
8714
10410
5586
162
11133
11704
5571
6441
8627
6350
9201
1113
4095
126
8427
1401
2746
3338
10881
392
706
1641
15
9870
5503
847
1798
4043
7669
4588
780
11884
5498
11598
4104
643
8546
9265
11015
3036
8230
1596
3960
7303
8653
10898
4292
8055
6508
11330
8573
7859
5872
225
6374
9903
8944
10135
7957
5689
5584
11834
8362
5293
145
4522
11319
942
6702
5915
9205
4207
9693
5549
4806
1277
5233
8984
3411
5626
3864
8957
1501
11982
6287
4880
7781
606
360
9574
2104
4149
11851
5923
11269
290
462
11252
3959
2883
9230
1974
5848
9214
11821
11413
2940
1509
10936
11989
9645
3179
8100
7019
305
11828
6346
5451
2694
5849
10043
7970
315
3167
4256
7434
3737
10175
11981
4114
11190
1980
6381
2145
769
365
1613
10266
3258
10252
6394
8268
7737
3504
7124
3890
1270
8674
2335
8242
3033
8922
4606
10322
6998
6980
7436
5467
11114
11600
799
2845
7080
8325
11328
5949
5757
8861
7954
9601
5784
11626
7690
43
8801
1013
2356
3314
2306
1850
5114
3822
451
11965
8919
10647
2847
11960
1891
11749
264
10764
4377
11935
6092
9760
9824
781
3558
4963
11814
10213
3602
9836
4028
3583
2529
2755
8641
9347
3287
1966
2600
1199
11438
5275
9102
4158
7532
10896
11257
10186
3862
4780
9570
7121
3878
4094
10748
1308
8015
10856
5744
10579
8522
9538
9682
11493
5982
9252
9062
3486
4332
2868
4714
1183
4328
555
11062
7559
11373
1942
11006
184
10506
1164
8414
9504
2886
2048
8723
8019
7592
11117
3679
2692
7939
2400
11131
8117
1511
1410
7207
210
1857
3327
6281
1665
11347
3901
6366
2148
6286
7663
245
222
7289
11561
958
3834
2630
2261
3545
1791
1674
4884
545
11932
4783
8580
2199
7996
1299
2866
4390
11607
1861
11513
1173
1872
3799
4549
2680
10693
4420
6109
6409
10760
3466
8232
1559
11308
629
10899
8241
923
4605
10848
1886
8291
7387
3841
9662
6245
9437
11093
2460
1910
9282
9813
9471
4590
2408
885
4003
9611
3783
8800
5597
3939
465
7810
176
32
4079
11645
11115
11839
836
10673
1108
7129
2612
8011
9879
6812
320
10857
2385
10131
9930
6004
9322
483
11448
8849
1661
2848
5237
4905
4262
10063
412
2251
6806
1648
1338
5515
7670
9810
8761
10762
2835
6956
4131
624
11776
10268
6835
3178
8983
1035
5558
1124
2418
4717
6128
1757
7515
3487
7555
8747
10442
3604
3863
3118
4665
11027
877
4808
9926
10015
1535
10498
11112
8045
5928
7887
1247
362
8517
11253
8138
5035
4446
5993
698
5850
614
4437
8529
1337
2674
3790
7310
4507
2615
1186
6227
6456
6818
5319
5430
9413
728
10354
3276
1261
11066
3398
11738
10465
10891
8739
56
2488
7464
8697
10588
4834
5061
8385
7930
6773
1667
7629
3384
1102
8854
5486
406
10712
4138
98
9709
9409
8608
8246
1455
9009
4257
4229
1824
8277
1242
9106
1907
6775
903
2709
8836
5360
8475
7162
5726
7075
4909
11140
840
268
3928
898
4486
5279
11883
1104
10369
8473
11591
3625
10858
11198
6188
3565
5394
2712
10521
9224
5672
845
5085
1593
6463
10293
9657
11794
7328
5040
4302
10561
8795
2809
7095
9911
2554
6681
7285
3571
7335
10013
408
7796
11293
3089
9567
23
11232
9966
3738
10996
10811
11159
11235
4721
4308
4548
4575
6420
6742
11678
8353
2434
2965
7917
7185
4938
10703
4376
851
9098
9421
402
9690
6860
1775
4969
4935
9238
9107
1284
4632
9399
4682
11563
11422
9668
11443
7561
1300
5235
3787
5464
7170
4153
3278
4361
2433
5304
102
6947
6428
2283
11292
8763
6798
5718
4756
6692
5887
4564
11363
2937
1443
8215
3483
7880
7962
11507
9550
1730
7683
6391
7787
48
508
4824
1302
4196
7815
2329
3847
5985
9312
9016
8679
1590
2679
9730
5798
2454
8968
8103
9584
1301
11953
3423
9039
9078
3812
5184
7330
10124
2068
6622
10333
11947
9183
10775
3311
8264
9049
692
9706
4610
4868
7736
7311
5865
5449
9837
8068
6535
7409
11997
6957
201
3007
9278
2153
8191
9241
9753
11978
11016
2362
6967
9688
11309
5446
8057
9450
11338
4050
1573
6406
7262
9043
10172
872
8709
11956
2887
1534
9056
777
3730
5867
2647
9626
5555
1222
2707
242
8213
4773
2078
7455
1374
3784
5714
10326
338
3132
7166
5226
9125
3204
9221
3629
9027
3234
10620
150
3711
1630
2991
11910
6431
4379
7923
11327
9454
5518
7492
505
10418
1832
6298
44
4051
2766
5732
6358
6674
7799
5223
11837
5231
1761
1888
9323
9008
8288
8258
928
5903
4468
6137
3410
10127
3255
8721
10837
6396
10617
9140
9415
6603
7774
108
1722
5027
11458
7764
11504
4125
3369
7097
11677
3724
9040
7233
9476
4428
6953
1950
11411
2706
7998
1433
8382
8669
11009
8195
1318
9475
11857
7977
11182
4542
8524
6059
748
3983
11166
7390
3883
8004
10610
6080
5906
4744
10373
6300
7210
653
1055
4891
1325
645
2352
11211
5557
4489
7069
5894
10285
6259
7927
1978
11028
7301
5123
5136
2740
3348
7772
6173
4760
8129
2165
6510
882
5947
419
4134
8553
512
4055
7564
2286
9333
6825
2697
11072
3511
8935
5117
2427
10813
663
5967
1328
4046
11772
1707
4922
4169
9143
8282
7553
8872
5022
9530
3723
5373
1084
703
4740
5432
2150
5353
11157
738
455
6964
11825
11708
4541
3044
700
4752
6554
573
10818
3208
4417
11630
5041
7603
10272
11916
6961
10237
415
2978
3124
5684
1330
9663
4830
9552
10685
3839
5198
6897
9594
9777
10077
8155
9771
11165
4781
5341
4333
461
8243
6220
10488
3331
11543
2882
1729
10425
2511
5807
3764
7926
2756
8642
243
10908
6709
7505
3947
950
2918
11084
7666
9762
5126
3515
6853
11459
4343
11669
327
9729
3617
10838
2209
4583
1118
2710
2796
11395
1885
1129
1566
3014
837
8322
7567
3389
4382
7045
730
4402
5563
7877
8387
8623
2673
7065
8579
1512
6244
8058
3098
379
5587
962
1257
4135
679
7969
6067
5028
11902
2248
10338
11045
10639
5350
3874
11174
10430
4803
10944
7572
9557
4247
9286
6822
4657
148
992
8265
10842
9374
3302
1911
8588
9272
3409
1917
3421
804
5702
4391
4413
3335
8886
9498
10093
905
4741
6291
5526
8358
2503
11494
5530
10806
2147
8615
2320
4820
7324
7276
7783
3037
5297
1138
761
353
3332
7953
6056
7044
10485
4241
600
2989
11700
2432
319
10865
8649
8456
11551
5042
6297
5270
9231
10458
820
1010
6779
11783
9419
9741
5452
1523
85
3895
2869
6035
10776
3041
815
6120
9481
8224
4316
3823
662
4829
9696
1305
7306
5845
2699
8025
1678
1909
7323
2549
7738
1264
1796
5389
9077
8605
2863
34
7987
7585
10332
4141
2950
2981
2660
11658
7595
8441
8905
288
8786
788
4931
5749
3226
9713
4392
10940
7422
3842
2522
8778
3598
6909
9558
9270
6807
10233
5813
6524
6051
5520
5374
1711
11463
3035
5191
9306
7890
7158
2911
442
943
9289
1536
2804
1375
1836
11623
3788
5809
7451
22
8651
5247
9541
1040
4271
9332
5386
2449
35
816
7900
7128
8715
207
3292
3509
5590
7030
4137
2773
4022
3476
2004
7150
4433
249
7531
2074
5945
5539
5264
11259
369
9651
4812
2531
2638
4251
2890
9710
3153
8334
377
7094
3768
10525
2892
8349
11201
6540
10526
409
4175
5739
11029
10715
11402
2198
7956
9900
5774
3707
7028
8437
3212
342
2815
4998
7479
5072
9461
2524
11983
11770
7458
500
7938
3767
2149
800
6569
192
7730
1936
6612
3449
11527
7201
8822
4869
11564
6655
11781
6027
3386
4323
4033
8692
866
3294
7504
5730
5112
54
4284
7997
3758
8913
6739
10933
9430
3676
8157
10469
128
1276
2788
11806
3198
11318
1201
2498
4424
11713
8985
7577
9934
9257
6340
7582
9246
4813
8152
9426
3666
2077
839
492
5277
7372
4017
8270
789
6786
11841
10571
11791
6641
8631
10515
9628
2401
5711
8523
3697
11109
4755
481
8738
5215
5606
8207
6351
7263
2645
731
11061
10452
2097
286
2763
7951
11427
6718
9795
2189
5760
7526
863
7313
1137
8712
4866
3795
4371
11785
9497
1407
3616
10929
4828
1524
1726
6115
1147
10010
11441
10102
2090
8750
6694
349
3971
7016
11369
9518
2926
11119
6566
8309
8840
3027
11887
8955
5419
11522
9955
9420
2167
2260
5750
4848
1236
6400
525
336
10927
2841
2596
2422
9606
11976
10193
4195
3025
4000
2772
1985
2472
2298
244
4369
10421
3484
4653
8308
5204
5625
2900
42
1515
6549
3162
1368
9789
5875
11519
165
8075
9404
10986
9045
11359
3702
1245
10951
6031
4331
2561
3252
3166
5499
10276
11892
2019
4698
3013
11042
1546
9616
10003
4500
7784
3419
10740
6116
3951
3968
3776
5003
1725
3850
3219
1000
11017
9178
3591
1398
3451
7903
6205
11054
9051
1076
10802
6028
11571
9209
10363
2537
8235
4367
9057
7614
2253
4483
10731
3170
7550
4060
2803
2144
11998
8183
5918
4210
9756
9436
6228
3336
11923
9453
11790
4692
6376
4928
8127
6630
10170
2443
529
10035
7894
11726
4126
5583
6640
678
6283
5479
8360
7443
11655
2273
3134
4252
10405
5029
1122
7165
6359
9443
220
3537
7477
9678
10686
5305
4883
5632
2777
4067
6594
5969
7361
11734
7329
11917
1414
6387
8724
5014
9109
8928
2393
11136
11759
10207
144
7848
3899
2212
3146
10875
1646
8638
1160
1465
3241
3681
8556
9604
1582
9293
11699
8460
10855
2290
1460
597
1867
1081
6712
2681
337
3606
8507
759
1217
3660
2363
3641
11767
5436
7420
7122
7426
5056
9790
2458
8081
3367
11082
2258
4968
2030
11041
9154
1660
691
7770
9449
6882
6984
4419
4168
9263
994
2619
3490
10582
1462
6169
7520
3669
6168
3440
8407
456
3077
3417
7487
4644
11693
7243
11301
5472
63
2606
8784
11641
3662
10704
3144
5628
2477
10557
10132
4882
7857
9160
3731
4636
3055
4793
8262
11985
7446
11506
649
5944
2371
3173
5819
4363
1718
11238
4057
8554
8652
2043
8452
5368
4068
7187
11100
10563
9640
8021
6313
3227
1111
11524
6797
10330
10448
8375
4217
6191
2760
10392
2516
548
8567
3347
5380
7651
4713
1378
4553
8734
10598
156
11962
10325
4384
2403
10537
2941
10196
2504
7982
5097
4865
10130
10877
9089
9340
8126
9639
5615
9701
9119
10849
7506
591
11002
7854
5459
5127
9181
1809
2075
140
2975
4573
1141
810
7718
8695
1109
5490
10142
8923
3693
5522
6615
2311
5283
3297
8965
1551
9414
940
2497
760
2436
3464
11508
10970
10056
6942
4767
5456
3016
8401
8203
4314
7649
8435
7229
11716
2243
5885
4983
2533
3175
10669
4748
12
6723
11836
3416
2003
5883
10461
5855
2971
11221
1670
9116
3245
3645
10711
8535
4325
9947
8464
10153
6606
3597
3688
4838
1514
1431
6075
4561
11691
11107
2344
6613
8014
11535
1971
975
8982
5245
11539
915
6665
11586
5153
4024
8287
6866
6768
9945
4804
9491
10874
1643
9627
6749
8594
8536
4191
11990
9378
1719
8065
3268
3818
11945
4695
6715
5536
2954
9560
2391
10195
7049
2931
5010
7046
2560
5461
2067
6511
1083
8147
6354
9952
2652
11010
8525
5332
1275
4520
646
4726
2410
10871
7667
7920
11582
11388
5624
7450
6687
1510
5476
6987
8989
8059
275
4614
4397
5938
1997
8844
5217
9866
1931
7062
7111
10507
10222
7761
668
3838
6237
11510
10698
5978
3667
6033
5272
7469
4749
10550
1941
7971
5827
3001
4708
8037
10688
8479
5747
9740
10632
9452
3952
6679
4607
3506
7981
9754
4064
11020
11177
11134
4011
8689
860
8417
956
7798
3231
3927
10677
10629
9354
7059
10092
1327
7488
4078
11239
1200
1889
501
1703
3722
7578
9266
3309
9038
10379
11315
1167
2122
11744
445
9091
6460
10209
8547
6125
3000
1073
11024
2685
2532
2769
4122
9170
11033
7435
7709
8754
10470
25
5447
8040
8838
1093
385
8508
952
9577
665
4840
11103
11659
10380
10319
10457
10250
11971
7882
10954
3183
2107
10553
10540
6921
10572
9673
2851
2536
3820
1144
8156
10611
3109
3480
3887
3782
2702
6950
11521
4059
2860
1001
3632
233
8829
106
1070
7219
4742
10696
1191
1161
4594
7336
3136
6924
6336
9410
3728
4926
2828
5178
4846
1659
4992
5471
10941
1831
5006
237
6338
6556
2614
11722
5477
4619
1866
3974
6248
11085
3387
9310
11653
7664
2644
2819
4810
9053
572
5781
6993
8686
431
1011
6792
10930
1577
1448
4979
7583
967
351
2017
5067
2042
11471
9389
4442
8644
3884
2026
9665
755
3445
1919
8773
8373
3076
4674
2728
9844
3532
1097
8521
1767
11186
5267
9805
4879
2583
11550
4618
1387
2708
1599
5450
5286
10277
3946
727
5018
9495
5640
5338
9002
11702
10029
3441
6405
3395
5444
10050
5952
2654
8093
4374
11827
5484
9138
2934
4239
8462
3906
8701
5175
5961
2662
4029
11126
5657
4796
6858
3754
352
11135
10359
3070
11454
2929
11854
5943
8292
9213
1207
635
1077
5164
4291
11687
3121
2631
9466
246
