6913
11307
8247
9516
6942
10124
8898
3423
8778
5393
936
6792
349
1965
3253
5066
11332
8392
5984
5113
6720
4054
8628
249
7383
3558
1601
8280
10953
10609
3828
1752
3095
584
11497
2402
8994
4573
10253
4547
9216
4496
10849
10222
4850
1610
8437
11240
9607
5787
8990
11094
2763
4991
10152
4274
10465
2544
9647
9297
7494
7939
5040
10622
7194
10145
4104
10407
1657
6132
1035
9312
2246
4367
1475
8255
3327
11498
10533
11074
5314
10135
10378
6128
11149
2152
1536
7246
2557
563
7781
11197
10488
1370
3386
4668
11253
6489
1768
5033
376
3541
3127
8189
420
9267
9737
9296
2507
1693
2743
491
3836
6407
4050
5435
7776
2911
5558
857
10731
10649
11220
7834
5722
8552
11456
11108
7124
9557
795
6145
10019
182
996
5863
11053
1605
7233
4306
7162
7785
1748
4210
5814
7865
661
10167
72
11151
5119
379
7747
1143
9054
11631
1395
4391
1707
2870
562
11442
10568
639
2128
8674
2082
1849
8101
9495
9211
6137
10755
10699
9053
2629
10339
7570
4047
2793
8174
4738
34
6244
1073
948
4293
5753
1991
6470
10405
11689
8861
6216
7538
3900
6003
3320
11529
6951
2828
3937
4191
6911
10879
2660
2432
3329
11135
2717
4219
5460
10624
8075
4585
1291
11783
11814
5686
7924
8122
5588
5048
1560
1709
7331
3947
7469
7958
8707
3232
6869
7243
2356
8998
7448
8589
3256
7352
4149
4273
6428
887
3418
10754
6131
3307
6665
6551
7091
4439
5222
9720
8768
11140
3387
7277
11508
11344
4870
9758
6488
1093
8525
4430
3711
3593
675
5832
2535
7324
11047
1511
1645
355
4026
10204
5444
9538
11523
1700
11378
8657
11662
7366
6255
3342
8607
11350
10806
8397
9011
3547
4942
6666
8531
8667
4979
9572
9678
8053
8798
8571
4737
300
7379
6743
9159
4724
6089
2288
8136
2926
8256
11250
10045
257
5079
10661
9330
10244
11810
1984
8556
2835
7944
3835
10790
2785
535
8009
2369
9901
345
8787
8847
3793
5357
1246
7564
9006
3656
2099
7220
6013
7444
7617
3924
11812
2166
2272
10659
11449
840
5273
4280
6387
1806
5746
10082
2894
6708
119
5769
9586
4176
6898
3641
7984
398
1336
483
9383
6329
1830
11169
7655
10432
2543
5129
3951
1829
1388
10110
8056
1602
8307
7349
2930
4604
589
9985
8617
7019
3754
9171
10750
3640
6621
9724
6164
9055
10039
10594
10869
11381
4996
5339
9138
2462
9320
11759
8894
1470
5695
2057
4944
10275
4656
3279
4651
11415
7186
1341
2947
4901
2335
11983
371
10795
725
3463
10068
10685
4805
4170
7636
6938
10439
2105
3960
4861
9385
7466
11352
3882
5413
2505
3934
2848
1027
8922
8568
1770
10118
3118
9269
9010
58
9924
7295
2589
10522
10012
2251
9620
3359
828
10475
3931
3494
11066
5639
1720
7012
2587
6842
10920
5576
9860
10589
1449
3065
9121
11862
6155
6110
967
3176
5440
8453
6449
10078
2134
8142
4294
4056
6239
9828
10232
5133
9849
8012
11799
3844
4648
11489
9851
7309
6327
10050
7911
2006
5737
10626
9664
10063
1190
4162
4449
1344
10501
11774
6803
5137
10890
3605
8656
2567
8986
10428
1098
11315
11300
11117
6744
8061
10621
1471
11199
3597
8791
10366
1801
1680
11801
11961
11027
5801
5699
10623
328
1424
9840
4203
377
2430
927
6442
10956
6491
5945
7879
8284
6130
6298
9740
440
865
1851
11201
667
3786
5403
7603
2931
9111
5922
2440
7835
7786
6178
684
3696
10121
8346
4234
5287
3371
1275
2722
383
3160
10070
3005
6011
2461
4113
9407
7652
4403
11978
4402
5929
8021
10656
7555
576
2442
5424
11572
682
11576
8190
1163
7433
3794
6932
11433
6478
10654
8080
5211
7488
11694
2975
4053
7560
1580
10732
3976
9729
11965
1632
11693
11261
11998
5560
7736
9482
161
10968
10073
5795
1472
10822
6531
132
7181
2078
7289
5519
4595
9958
7869
11910
1729
4708
2292
8491
802
5716
8390
7673
5064
2195
9865
4579
6612
11762
7948
1340
7260
9436
7700
6739
1432
4519
8263
9838
8251
6695
5162
10984
11
2341
4261
4438
10834
10583
1011
10138
7605
1288
9088
7113
11742
11674
693
1625
11971
8722
5205
3580
702
10202
1134
8156
1039
3474
5845
2695
6267
8792
10788
3745
6102
7278
5041
10513
7473
9941
5999
4641
4169
11103
4543
11962
9016
3454
6310
547
1615
833
11056
10283
7363
9812
9859
6215
11990
375
11269
120
2362
10093
8261
11064
774
6243
1277
9657
8162
9099
7837
2597
5310
3004
7806
1745
8822
4166
3128
9162
11426
2299
7730
86
1821
8646
2407
8347
8633
2690
9388
9244
11923
7216
9548
8220
9880
10041
3122
11083
7663
10048
4888
9020
4148
3074
501
4730
2960
1540
4075
4216
6135
3226
1296
6479
5643
6434
1474
7822
10759
8208
1495
9993
8400
9470
2853
1777
8274
1589
10948
6112
6841
5288
10675
3321
9370
3852
11469
8860
5487
3318
2012
8651
434
9701
8869
6459
5238
3135
5960
1173
4257
3927
11294
2840
3704
6533
9239
4433
9019
3525
3489
331
8921
5410
4781
2491
7273
6809
11502
6641
7975
8594
5439
6742
9240
4158
11541
3749
7823
5417
3686
5470
9867
122
10431
11422
4361
7214
1465
11815
3698
2943
1369
4272
3587
848
6796
9372
2123
8445
10553
10296
6323
10401
7954
7548
504
8485
10211
9907
5719
11803
3129
11966
10894
3349
1353
855
11996
1054
3521
7031
6262
5166
6439
4457
10279
2588
7131
8523
2757
1802
10540
3588
11879
6381
6197
9616
11360
1886
2970
5105
2979
11527
1339
10189
11610
7745
3455
7157
9140
5717
7913
3136
8324
7250
7677
8129
10971
621
516
4832
3938
9774
1116
5745
11949
5784
9082
10819
10911
8357
5816
2866
5405
9260
3006
7215
3242
7639
11854
5359
479
1390
1609
7737
11060
6174
10874
2065
7329
6928
9197
8584
2664
8820
10022
7247
8704
5954
8118
8077
9081
3616
1220
10206
32
9050
8461
9966
11680
1762
8685
6854
6754
9305
207
2399
4964
11490
8088
5768
11271
3659
7549
1268
3519
6852
4011
10038
3707
9565
1167
9937
4549
3166
435
3812
9576
8117
6561
1123
7415
4132
8058
5937
4397
8553
7996
7871
530
4312
9748
4993
1578
8434
3763
11393
10086
11824
9693
4064
868
6225
1087
1950
5561
10287
5476
5346
934
8370
7579
2602
6607
4349
1016
7695
7145
697
8311
1250
534
174
4184
9288
2862
1906
7738
1488
2228
7916
5570
7045
1848
9956
846
11745
8572
11050
10683
4857
10929
5198
5691
330
8505
7086
8383
2308
6882
8930
2898
4831
3121
8697
5115
5709
10996
5712
2206
3943
10843
2019
2961
9796
10327
8358
9806
5807
7710
10631
3169
787
8510
4910
1527
11995
5773
8940
4242
4066
4006
11974
10248
8916
9355
3384
11193
10606
7457
5365
10650
7657
2234
3345
6829
4622
7140
9980
4718
7727
11431
7998
10706
10317
11359
2208
4364
70
4539
6628
3319
3203
6198
2561
8973
4723
203
1614
1070
9810
10081
9207
1440
4419
1630
5191
11635
2115
2889
1784
9914
7891
4063
5920
10410
671
6356
3734
11909
539
3450
4570
10494
8005
9759
5798
3970
2711
7481
10456
11128
11691
8282
3165
10534
9452
1104
6028
9750
4580
419
5212
11196
3425
39
9953
2774
11797
2118
3172
7407
9187
1117
3048
1841
6571
5888
770
5109
2015
4098
7881
11021
2269
10801
6389
9564
8654
7855
8698
1131
3881
10316
7204
3926
5826
3624
8107
4084
10676
8082
5540
759
8853
2464
8270
3346
9368
10760
8197
5023
4528
4661
1611
4090
2687
4813
10361
11371
2744
2902
1106
11942
6097
8885
1825
3790
9519
4217
10125
2287
7659
5870
9608
10179
5340
4111
986
5820
11217
38
6544
5443
273
6260
7067
4794
3876
11895
7941
8456
746
7919
3072
2382
4599
9621
1652
4259
3573
5721
4454
8253
3824
11267
6344
442
8647
3150
7493
6793
193
3953
8736
6091
2940
9232
2481
7934
7105
1716
8413
3094
6472
10715
11831
1409
4771
1423
8212
8054
11277
6425
9231
1986
6177
2732
820
5117
11767
297
694
10536
9630
11975
7743
2304
6769
4707
9387
4453
4784
544
4774
1960
10397
4880
2581
4818
9185
7072
1987
4384
9764
9583
4172
9591
8920
9462
2987
10965
2586
5087
7016
6354
11304
10539
5846
11063
6999
7669
8958
6718
9405
5701
6328
4583
1804
6220
7376
5204
1464
7472
6635
214
8458
2656
9294
9660
10015
2241
11484
9567
5495
4245
4884
1501
6368
2176
10415
4069
10887
3584
7303
5612
9329
4229
9536
253
7650
2674
4537
1264
5749
792
11821
11994
4815
1361
4659
8103
4588
8037
1553
2982
48
8837
7556
4898
8966
885
7543
4550
9760
1980
8016
4749
3173
8669
8852
148
7003
10411
5125
10207
834
7857
387
7756
10259
7861
2984
4030
7040
1639
2520
3114
3687
1715
11234
6191
9479
7128
1322
3630
6846
1629
475
11055
9481
11717
6335
2033
6233
8316
9542
9097
7184
6261
2047
2950
91
5781
7616
2685
11203
7330
11763
6715
5437
6431
171
5374
3858
11602
10950
11095
8165
2415
3467
11826
6493
2816
9571
8155
4342
11643
8045
4556
10236
1313
1819
9014
3151
8928
10807
2913
9466
6919
8653
264
4574
4683
11791
9628
4758
9386
6376
11856
5498
6689
10496
3111
65
6570
6075
5625
10486
3479
2265
10933
5553
1381
7350
10727
4698
11087
135
8063
4717
9716
1482
2825
10784
9302
11457
5192
553
248
11848
1077
7540
6767
10309
3099
6924
11891
3117
3082
10348
9208
10016
3966
5366
5438
8152
7704
9102
215
2551
552
2141
6385
862
7918
878
3436
4466
7174
5528
3392
2046
1028
2968
10718
3901
11245
5082
2392
9530
11385
10474
2297
7595
240
10061
2316
1705
10549
1936
8262
2226
4935
11865
5548
6786
1125
11049
5196
9161
3298
8828
753
5354
3654
5506
4189
446
2929
8965
6713
10910
10765
7858
3857
6731
6103
8318
954
10126
7410
1224
9022
2880
7209
3892
10367
8184
4337
8345
729
5153
8252
5402
2522
10266
4460
11772
1623
7735
7749
5886
8126
7831
9043
9222
7032
2160
6986
2934
9506
4602
3405
6801
8622
5422
2027
8775
9172
7191
918
11368
1948
10720
9689
11041
7365
2156
6377
6776
136
2453
4971
4716
5090
924
1798
7008
7985
1858
9119
9059
4557
2207
7859
8130
9967
9555
5482
6735
6314
1012
2764
8687
2395
7714
2682
4436
8621
2441
766
3753
47
6602
185
7359
8272
2600
5377
822
3398
6037
7100
6099
9772
7165
860
5511
9874
7413
1820
1168
1244
9989
10711
6116
10499
7022
96
3270
5479
8447
3109
9770
3490
6001
9877
11520
3354
8286
11516
5250
6620
430
8291
5579
1587
902
9379
1566
1466
1641
9597
6878
11022
1734
854
2079
4323
11476
10691
3042
4475
271
2116
9866
11419
1923
1081
261
2197
2916
10390
6703
3509
2552
7011
4305
9950
7266
4764
5315
7576
1197
4295
6025
8100
10228
3208
11374
5509
3194
11257
10935
9896
1979
4953
1653
6276
8047
285
5411
6778
9292
4786
11148
7600
5518
8430
10400
6287
5706
8818
9717
8819
11180
5897
2699
3145
1688
4247
8931
10080
7316
4693
7263
8542
7225
2781
6193
3798
3221
11338
4300
7516
5263
6670
460
8366
7997
815
3382
531
10008
11574
2949
8198
6467
11176
10596
5703
968
6499
10970
1480
1963
8917
9421
11289
1675
10221
10181
6325
7168
87
3007
283
8241
4555
11046
5994
6430
9245
8944
5102
784
6007
10882
4395
3029
467
719
10712
3565
6916
8237
3024
1262
6345
11825
9120
3328
10581
8003
3981
7987
3316
10014
4956
11494
1397
2849
8249
3833
6353
3725
7675
10902
8109
3695
8000
709
4304
10076
10310
4110
11939
919
10993
5852
3052
8480
166
7378
976
655
10075
9286
3351
9698
5005
5619
10053
3942
11278
183
9839
7149
6313
5893
5626
1739
8641
3545
9034
4920
4378
5668
3556
7572
7315
2359
6925
10566
1624
2493
9465
2389
5972
9504
5239
7805
6374
7111
642
2799
4691
4000
7129
5760
10955
6840
6347
7094
5788
5278
6343
8593
11578
7769
852
1783
8912
4127
6714
11407
872
1907
6190
8219
313
8598
4052
4949
821
2163
1776
7178
2677
93
8222
4288
5774
7446
9224
8111
2714
5688
8102
2635
11120
7039
11000
5433
1892
7814
2092
9668
489
9167
7097
6698
5008
11716
10112
5504
2203
508
2809
7307
5665
8260
6879
8774
5121
7554
4974
6939
11903
2350
9229
6318
384
2165
9653
8305
141
5915
4212
6905
7832
7725
1793
1201
908
11695
7625
10552
11579
10800
6811
4180
8615
8625
6277
9056
1304
4266
11447
1507
1317
3137
7726
2867
2514
5187
3771
5898
10541
6768
1807
4446
1486
8470
849
1496
8177
9523
4495
2662
9116
9276
4586
6804
10376
9075
1604
10224
7034
3344
6114
350
10311
9728
10940
8433
8969
11340
5942
10154
7758
6331
4252
2985
7631
3323
7956
2204
5035
6000
681
6662
5055
897
8832
1402
7774
866
1083
9667
10660
823
668
687
7417
206
7716
6515
5448
8779
1731
5072
11634
11957
11492
6632
3067
4542
6500
9808
5764
6101
2794
6162
3138
6831
9505
8527
1881
6303
11313
4677
10663
4015
5871
4034
4695
4734
9533
5107
507
11746
4025
1112
4486
11833
3258
1583
6563
8415
915
9493
1468
54
216
4828
4339
6367
432
901
10171
11564
1833
10183
5477
5678
2607
4086
6800
7672
7192
8574
2301
4227
4940
6336
5986
1697
11096
115
1550
2032
2227
1407
346
10901
7043
4153
7764
11162
5076
5905
469
7188
9503
10646
5928
11483
4701
1730
906
6249
10923
2323
9582
4099
95
11768
2448
10345
7495
6113
5747
386
5505
9610
4536
6409
5018
227
11678
10855
7929
2823
2421
8228
8907
3507
6167
9113
3530
5308
4188
11897
8900
7017
757
6775
2670
9632
1832
633
7909
7283
6448
9819
1118
11665
4509
1265
8955
2808
6156
2619
1068
7875
9933
8078
2126
1714
922
2895
2678
8396
2623
2731
1018
1008
7392
1141
5131
805
4843
6253
2530
619
8336
3496
3422
178
5797
756
9697
4538
2221
3501
10208
951
11256
1554
99
9854
10670
9249
3948
9560
2418
9311
590
2401
6904
5233
3662
11293
2148
5925
7531
10747
2580
2086
6051
4895
3237
4041
8513
717
2096
11785
4215
2596
11093
7227
11244
9395
1995
1499
3589
6871
1004
5159
8683
9640
5522
940
8104
11646
10658
11950
1318
6719
7709
1517
7007
6972
5141
10756
7341
10580
3244
4334
8412
11238
3426
980
10705
3088
7403
4375
7254
7691
6109
10173
3540
11715
6517
4669
269
10982
8978
8406
9739
3705
2144
1380
1684
4283
2701
2770
7425
4145
3214
2000
1009
1233
10305
6940
1618
4502
8116
5200
9978
9110
114
2431
7915
10028
10637
9001
1778
11967
1597
3628
1785
6881
3053
11306
9917
8356
3461
7027
8516
5011
2873
3672
5091
1599
11518
11997
11020
2180
933
6648
11223
583
7684
9007
8186
7041
5827
3546
2742
3235
1883
4051
4492
10153
2159
4399
8164
9791
5387
6535
404
7328
5256
8361
11607
11645
2813
5169
6237
4299
11528
4885
1779
2917
6465
1635
4411
8495
6732
1222
1898
6029
6780
5412
9639
7529
6146
578
9544
11614
6868
1448
10278
7896
7824
8566
7723
9527
1747
5988
8562
3257
2559
1509
10767
543
85
8351
5955
11914
9646
7195
679
10449
7914
6568
566
3091
5597
6906
9663
11884
11376
11409
4254
5164
9871
2220
7666
11198
5378
1800
8273
4255
9887
5241
8751
6974
2410
10579
4221
10472
8836
11029
3106
5748
4678
1502
7491
11741
5078
3388
6577
8812
407
3401
7640
8519
4043
4592
8091
4905
9682
3374
9469
11010
4829
11775
10958
3591
5583
5831
6683
5959
10477
74
9035
5408
2564
966
5527
2343
11888
7979
6357
2106
1334
9561
2540
4003
8620
6105
8801
4899
3557
9476
10672
8132
3990
8829
4326
5144
804
3261
3996
5662
11773
6395
105
9037
8096
7327
728
1164
1538
4522
3987
10360
5673
3818
2983
11191
10043
1910
10640
5765
3512
9134
2761
2998
10957
10441
2209
4567
11525
11480
8856
8051
8962
6461
7643
9568
950
2282
11188
7812
5823
4596
2076
10156
8655
2149
4198
2502
2694
2058
10708
8331
1281
7122
1024
10839
9322
2097
6122
11845
4801
3010
11934
11960
260
9262
8855
10132
2073
8999
8805
7344
8234
8611
3116
6056
935
10598
9680
7766
3184
11336
5151
8300
5542
5794
9367
5070
1854
1530
2090
6509
581
8418
7793
11834
11018
18
658
8865
5395
5961
10726
6595
8462
457
6849
6576
3781
11328
1503
8738
4846
7610
1437
4386
4067
4319
6134
7808
9117
9706
6885
11880
7232
3285
6550
8269
8352
11869
2091
1668
9339
426
275
5006
7377
7638
11165
5104
4945
5261
5775
1749
6278
2887
1101
10013
7279
10517
11563
329
6423
2406
8582
7597
7264
2861
8014
9784
6432
7685
5672
5423
2705
2439
5492
1228
5215
7281
11726
4455
10246
11905
890
10964
916
6023
6192
5849
2452
1284
5291
2615
5307
11185
9622
4687
11948
4135
3301
2412
11184
3003
5646
5326
11454
9773
6740
1097
3866
11342
892
10700
8120
9298
4913
11902
1585
5637
1187
9603
9708
6987
6184
4507
1042
8233
6644
4144
969
5636
3358
6289
6673
8094
10677
1308
8492
755
11136
4914
7613
6721
11335
7821
2641
1831
2375
3560
2428
8414
6384
7062
5671
10252
791
10908
2419
11150
6863
9128
3529
6759
5114
2622
9153
7082
10245
8937
7387
5771
344
4028
8590
7335
4623
8180
320
9450
8515
7750
3575
4748
1156
603
5320
11309
357
8851
5515
11748
7147
10487
10454
1786
4471
9520
6567
9409
1365
8310
11075
10168
7423
1591
602
10851
6232
4554
10077
11125
5825
5996
4448
8025
6781
5316
8910
5271
11159
3035
839
2048
9443
4276
10381
9618
7974
1071
7792
9277
10554
8271
6957
11401
1577
8749
9744
7268
11290
5415
2245
8250
5741
5012
5184
10673
1931
424
1074
9596
9125
4425
11876
9543
2776
1154
9085
5782
3312
7844
9909
11633
1766
930
5733
7396
2546
1930
3186
6560
10707
1968
10315
6062
7569
11305
7139
5434
5183
5590
5543
10029
3429
1144
1794
9280
2542
9265
783
316
1347
11088
9381
10697
591
6765
9477
7920
10151
10686
6490
5093
9241
9025
3278
7320
391
11186
6306
11511
10898
3552
4186
3064
11652
11172
11369
8344
3678
6129
6650
4358
1816
11512
3366
1757
1974
4767
909
4562
1108
9803
1738
9936
10974
4690
3062
9863
8380
3733
10597
2107
2029
6902
1273
3177
2397
10526
3084
11478
5303
10529
9158
6541
5292
5016
237
8454
3911
11383
8382
7288
10814
4200
8727
11543
9273
2447
4379
3228
689
11411
11467
68
3679
8365
2070
28
1565
2928
4372
11446
1282
10460
4023
1278
450
10617
10804
2885
7024
9502
3652
1324
1003
7389
4497
847
11823
3324
4128
1510
3602
7957
3613
8790
6901
674
11636
7922
8750
2261
3668
352
5013
11536
7161
3217
9413
10595
10883
4269
7558
10991
2807
4976
527
4989
703
11873
5557
7999
2716
6686
3394
4112
5669
7087
9251
2212
10435
10666
10
8938
5617
7101
2654
8158
2672
601
7632
9822
6098
11505
10147
957
1280
8947
5896
8334
8031
2188
6445
10892
1178
3750
9115
7770
1837
2750
9923
2499
4168
7222
11705
2924
468
6693
2408
3001
194
11654
8636
5674
9814
7338
7294
9911
817
9328
7803
6048
3487
7430
3827
369
7662
8980
2549
5508
3743
9044
11008
5577
7096
7485
9031
8074
1226
8549
5763
2691
5027
1062
7066
8226
7508
7981
9393
10220
8849
5372
5030
6024
4224
8807
11641
6990
3810
7483
6180
6108
10710
4360
3690
8890
800
10101
10079
7601
8895
6864
11147
2270
10937
9358
147
10172
2553
6419
742
9483
3760
4873
8200
1218
11847
772
2483
2709
228
496
4947
5097
8681
1321
10406
11303
10159
11534
11365
11007
9581
4530
3227
4520
6496
5170
4401
326
5554
1305
6701
6837
8465
11571
11936
4985
3917
5559
6179
2108
3796
6557
11733
519
9843
4432
4916
9073
2640
5693
439
3140
3797
3600
9826
4318
10916
5663
8963
10100
2513
7452
4802
1331
9637
364
3910
3347
6891
7582
3196
10382
3684
7542
169
7112
429
1662
9374
3569
1869
4572
11375
7943
4990
4012
809
10921
8592
7671
11830
1593
6305
4863
10113
8508
2153
7895
3961
1537
4527
7587
3946
9944
4465
10856
10284
11362
7409
8603
9078
1840
3767
1871
8218
2631
3675
9694
3622
11620
8196
905
11288
8349
1772
9303
10035
10273
145
7438
1136
11491
8193
8901
11861
8463
10071
6603
8398
6451
243
4688
2445
4709
7291
1302
1356
8466
2449
931
2533
8872
6348
3240
8010
5232
740
10845
401
1640
2957
3078
2790
4759
1037
4447
10530
8070
3483
10364
536
11249
798
8521
2248
399
10531
5475
3440
2839
4199
11351
5094
6444
10084
10768
2800
2648
6975
2938
1542
10303
5396
8995
3978
6812
311
5569
10525
3809
3504
1276
1375
1060
7408
2368
963
8876
4970
3922
8069
3939
1622
9675
2031
11946
11435
3555
5913
6016
4957
3751
8555
3590
3559
6816
3252
2253
8359
6049
4126
1959
7447
7154
5053
10451
5933
5103
13
2730
5809
9499
3791
6153
7856
1811
4417
4988
8672
4121
6523
629
6149
4469
2364
10630
696
7972
9626
2582
10313
9151
4980
6700
3134
10719
8618
7521
3885
2396
11918
11955
6888
1058
4316
1814
405
3536
90
9832
10593
6724
2728
5675
3068
1985
6624
10987
11420
428
4414
10564
8394
7092
2847
61
10803
3308
11459
5142
7404
4237
1797
9127
5728
9382
2545
2023
1115
5242
9807
4131
11069
3213
10251
2841
2484
2150
1634
4725
2482
10538
4780
5260
1940
5021
108
464
4675
6160
102
10510
1852
11296
549
3992
11106
3224
133
1459
2217
1818
10678
523
1387
3199
11205
9831
4072
7244
6199
9336
333
6085
4182
7427
10420
2189
11339
2649
11700
9672
121
978
5345
5516
4578
1586
9856
7353
3311
11348
6711
4499
11462
6072
10833
5427
9157
6921
10412
11212
5736
10614
8373
1498
263
4231
9800
11766
11320
9817
10493
3295
4849
7900
2749
5844
3476
2014
277
615
560
1808
5003
10741
7296
494
11085
7507
2266
3671
3119
3723
3200
11730
9793
2585
8292
11183
2601
5762
10058
8551
1303
7334
5052
2075
764
8677
11318
5044
9146
2062
8983
4472
7146
4383
7532
8824
884
11760
4461
7325
2337
7980
8242
5967
4055
10103
11707
7271
4140
6300
2143
1172
10140
471
11230
3022
4816
7545
288
4434
2113
6984
9234
8320
8325
4565
2095
7925
5534
502
9948
2908
4426
9979
1607
4321
2067
5766
2725
9384
26
11402
11051
11837
7265
8135
3081
8992
6690
4478
10773
2958
8719
8569
5792
9551
10054
5389
5026
1020
7702
10905
2918
11122
3255
11058
11587
7151
7836
11664
1040
10868
6021
5360
9718
5502
7926
4597
1753
8441
6937
11416
9927
6988
1120
10776
3481
1150
8372
3460
11475
7187
573
10613
1410
2437
733
2842
5096
9250
1079
8199
2939
1949
9539
11153
9919
808
6952
9096
10551
3520
1805
8076
8528
6471
10618
8844
4943
1182
9033
287
10544
11363
10332
11690
1736
3435
7544
3057
10187
9670
6070
6741
2036
11384
8194
2550
11430
917
4159
4213
2233
7061
10272
7342
4706
9982
63
11659
716
6843
2986
10383
3642
8474
8570
6716
2621
9349
845
4351
3572
10983
5532
2937
10020
10975
1788
7487
7713
10198
168
11252
7079
8731
4711
1561
10408
3407
2385
10864
5946
1885
3846
9347
6647
10723
1765
10096
11686
6067
2797
9223
10662
10150
2613
8042
3219
4907
11712
5864
11899
570
8354
11701
9652
9299
5472
2910
9897
1193
643
4553
5963
6839
2610
5705
1857
5969
11973
9752
1033
3449
8689
8401
2138
5406
9611
8002
4380
7932
3335
4933
9118
8735
6823
4322
3822
7118
10365
1251
3409
11452
7028
3315
3564
1915
4950
52
8157
3012
2379
8666
2689
3013
11618
10116
8817
10461
7620
11970
1792
10389
7489
10696
844
5014
10018
7705
4967
8378
10011
274
528
6218
7123
3170
8423
11547
3594
6611
4545
4587
2285
4710
7935
10437
8826
11072
10796
9139
1049
3969
5333
1184
11754
9574
2831
559
1140
11280
8877
4621
1312
9943
7732
2696
8046
7876
5446
5286
7071
9226
2021
5767
9487
6421
3332
10503
1971
6436
582
4125
8909
4048
2686
4442
9588
11479
5973
5591
10643
4662
8961
8679
8970
293
7885
2313
11248
8662
6125
6181
3567
3667
3027
10386
10888
5000
2319
5899
5282
2317
5004
7411
9420
3206
9235
9091
6209
8239
4559
10842
3341
3045
838
1699
9815
8473
3265
10523
11030
9313
2576
3553
1947
1050
6934
4177
4197
2372
5735
2291
9414
4258
2834
2782
1082
5573
11951
4287
10223
11219
10985
961
9433
10260
1152
4336
1864
9932
2498
6332
11671
3453
11893
449
8827
5343
56
11121
567
2336
4482
718
2494
9289
11373
10793
788
10341
4270
5101
2133
911
8486
5462
2321
11143
6204
6616
7751
1444
11451
7552
7731
11857
3090
2311
9872
6610
10642
8498
3804
4091
3241
4174
6522
7333
1158
10743
8595
5867
5432
1674
1522
2804
390
1411
7883
6993
8149
6036
7693
8039
4374
2875
7258
3676
1076
9529
9247
2772
8081
7318
5901
11211
5670
8809
9285
10557
3873
4750
9650
1382
7074
7648
11753
1523
6043
7412
10199
3578
7664
5544
4236
6326
3907
10445
5231
2465
2766
3778
2890
8403
10423
5727
6462
5953
9051
7443
4959
11800
2025
11024
7936
767
10639
7229
1056
1148
5948
11115
8422
5962
3965
5160
1199
1497
11989
1874
9131
10866
4931
11569
6038
1667
8946
11450
6652
8619
9634
11582
7811
2136
1637
8772
995
896
6872
9746
11189
10903
6552
3985
6487
10141
3047
5500
6681
9360
6495
8204
64
8925
3666
11333
9072
9766
3848
7454
6675
4600
5469
8306
2414
11554
6234
11658
830
4679
1223
9753
3139
3188
3728
4463
9905
3669
6312
3716
1383
3889
9013
11406
5086
4684
3107
3294
8601
9180
8517
4338
7783
2179
5824
10340
11031
11771
9018
11102
4387
3464
2844
10610
7742
6784
7930
1771
1289
8341
7724
4844
5421
10977
2860
720
4256
4058
1914
5648
2608
2995
754
659
2771
8439
3554
2280
608
3070
1704
7460
1374
8289
8168
3726
9934
3167
611
8881
7023
4214
7173
11254
5965
8726
2264
3183
1109
2274
11917
10729
8695
10300
314
6236
8565
11877
2818
6297
1329
5804
3296
2059
7109
4370
5608
6207
6704
2650
4515
10930
7653
7361
8984
4762
9356
4119
10297
6752
417
763
3932
2977
8815
1443
6188
10213
10627
4024
7463
10238
5299
7456
1803
10516
5687
9092
4394
9106
4060
2712
3218
3089
9869
6548
10414
4998
10509
2748
2309
11625
1775
525
10262
11001
4250
9419
11546
4429
556
5641
2196
11867
10877
1138
5269
2595
164
4302
5254
1206
4353
2218
8322
949
57
2354
925
7322
3403
5836
3528
2314
6930
7471
895
3
4190
9942
2888
7033
7777
9981
10739
6505
5349
8960
2016
4115
9408
9404
2239
9545
5815
4491
5491
46
11737
9949
6772
6057
8319
6124
6447
8079
3375
1994
2071
11959
6422
9903
5431
7607
6202
9500
7513
2381
5862
955
254
10665
1124
6398
732
11956
9155
3381
5388
418
5419
9963
4620
3357
928
10444
8387
3023
874
8393
11396
6789
11177
11367
3383
1889
9972
175
11243
1389
9029
9823
9353
1026
4720
17
11683
140
9274
8288
7978
10180
7787
4226
4485
10725
1052
11281
11639
6474
9238
2130
7317
7526
3018
3638
10825
11650
5609
3984
4972
9212
5179
1290
4079
7083
9526
3819
8693
8323
599
4665
6622
8814
5266
5454
1420
1918
5644
11246
7604
8533
2009
11874
8330
5042
11627
5186
2459
5941
8632
1221
5828
8878
6026
7826
3037
10500
8716
9327
11651
3915
1287
3245
2388
2784
2426
4825
8279
7828
646
8482
7080
4081
5069
952
2524
11984
8087
1976
1902
5595
7464
225
10331
2215
3714
10139
3941
606
881
3568
7712
8554
3649
7721
8489
7153
11394
9713
8006
10162
2384
554
11638
3720
9268
231
3097
10295
7439
4010
1267
2329
8732
6405
8694
11146
8312
1843
4147
8987
1526
6526
338
5971
6832
3769
2294
6989
7280
7581
5001
9012
1600
4983
8131
84
3928
2741
593
4233
6334
10959
347
4450
11241
3611
5488
9991
6787
5213
3855
4016
127
6820
8883
3452
9071
3803
1314
7144
3940
10392
7512
11573
4617
5381
9688
4576
6403
2338
2536
9175
1248
3586
11073
3777
270
8638
2038
4143
11747
7337
7292
6794
2558
7982
814
5968
4480
11640
10667
6519
1575
3420
6702
2205
10409
2240
6964
2679
11154
9214
2007
3465
8518
8153
6473
10907
6483
5513
8723
9771
2740
11444
7574
8933
6997
7370
4498
10738
11684
2560
5046
9144
9300
10816
6485
370
2792
1556
6691
7509
11702
5217
6424
9606
4607
412
9552
6696
9528
2871
10333
10570
303
5059
10774
5274
2425
9550
7388
6019
10783
2429
5580
9193
3178
10042
8202
1493
10938
9549
11779
669
1999
9456
2993
5640
7150
8281
8616
10463
7102
157
1127
10763
5877
6578
9975
11566
10255
8029
8355
9761
7242
7523
1311
3396
3471
3125
6144
321
5876
11787
7013
8543
2554
10846
11170
6753
4275
4285
9040
2578
6320
2424
6466
8073
4626
7239
9785
10990
7810
7651
8927
11213
8884
3980
276
7611
10512
11608
2747
8530
1896
1576
3829
7575
3273
6168
5758
1133
4902
1796
88
1884
5447
3838
5258
8169
11615
811
4246
5496
339
2575
11846
4740
5407
11026
3954
6507
9126
8871
2463
1271
7748
7306
10257
1900
2745
7372
5329
3849
3399
2069
9343
11672
5711
3651
3014
7782
705
1429
1122
3164
3631
8915
9580
8559
11922
5982
3831
10713
2010
3254
143
10999
4494
11314
1973
6002
8623
6143
8049
761
53
6205
10577
9501
6031
4858
7420
2734
11123
8784
7994
8673
4616
1431
1200
3031
7606
6777
5683
8903
6733
7818
9725
10615
8374
4078
4769
365
8507
4752
8211
692
10762
9825
7416
9592
565
3729
11503
9135
6549
11859
1944
8490
10452
8770
9931
11521
9373
4939
2003
1920
6627
9559
4160
4473
561
5173
3385
198
9270
9342
9263
3840
3402
7301
9922
7839
7486
7541
3535
8230
4489
2286
1761
3627
515
4692
10001
8799
9471
7592
8567
7424
1516
8561
2955
4963
10155
4278
4883
5919
3451
2877
3968
4388
10946
3977
5474
197
577
7116
2420
4396
1921
2658
2042
9540
2289
11167
8702
4564
4921
8376
3561
6637
1159
5881
10005
2893
436
3843
3152
10932
3718
11432
6017
5647
5585
8746
10394
11682
3756
6785
1403
10006
510
4833
8343
11734
4427
7300
4642
981
6946
4440
6699
7578
5616
8538
6498
5161
3376
2760
10480
2125
6971
8741
10178
3783
11168
5300
10128
4333
8581
11100
11440
748
1581
7840
2318
2681
2851
8364
11040
10824
11181
5930
10197
2963
5891
8147
727
5598
6266
8887
10810
4529
9895
10954
7634
11770
1483
3175
3744
3685
4418
2752
2738
11655
6514
5927
6791
2736
8645
10771
3297
9129
8183
11621
11195
4814
1703
10655
11622
8333
522
2653
6867
8089
3647
3957
6275
10413
4501
1888
9954
9655
6955
1069
8967
9242
7729
10992
3288
10067
11259
9841
3523
3532
3648
9228
1867
9147
6958
6527
10095
1139
2598
6931
4410
3983
9438
8547
3085
7394
7026
10166
5302
2214
3688
8763
4876
11827
8388
454
9430
9969
831
2663
11302
7020
3775
596
8537
3280
2495
8026
211
2451
11005
574
6729
8013
9306
900
3096
656
8532
2605
292
11632
4689
4021
6158
2570
10545
3576
10443
9755
2878
9699
3609
1188
2723
1414
1878
8642
10909
11370
5621
2175
245
4209
8321
15
10320
9820
8121
5615
427
8988
2539
11535
735
4477
945
6909
6366
11216
202
10680
11692
11860
5997
495
8290
3336
3437
8541
3935
4532
5566
11133
8785
2098
9331
5154
6279
453
4851
6782
9882
4422
6597
4362
2510
10231
5382
9624
7874
9947
2525
3903
1636
10243
876
7923
5139
8452
7037
6006
4811
10354
9486
151
4934
6836
5229
6365
7267
923
1451
4646
11160
4938
11987
3841
1
10280
1664
10934
4317
8811
1548
4653
9253
3757
8596
2617
5390
3988
8720
2351
3805
123
9246
3415
11006
4243
8744
2066
6706
4702
5473
3073
1782
7959
10928
5209
2566
5978
4459
5883
10371
4631
9416
2526
10421
5952
66
7419
7275
6187
1266
9878
8205
7903
9645
7133
6579
6922
4524
10766
4840
2646
232
5061
11118
11084
1094
2583
7522
106
4327
1045
2952
6821
170
2515
1865
11875
11577
5452
5618
8015
2312
9061
9775
10265
10393
9454
10502
2673
3389
7002
3884
2997
10060
7510
2411
1725
1476
6285
11782
7052
11530
2901
11231
6584
2371
5524
6518
2186
44
10424
1961
10528
12
7210
4612
11706
11065
98
789
4071
2117
1294
9137
3441
238
6330
11668
11786
11436
6914
8748
8776
7518
806
6618
8144
8658
1316
499
9237
972
5880
4282
4736
11816
9562
2767
737
6659
4277
2497
9109
2201
5355
11932
8137
11589
1257
626
5168
4297
2833
4864
1977
2349
5234
9762
6660
7645
1434
9196
7297
11813
82
2999
5900
1721
6636
9679
5364
9498
794
7414
9378
73
5251
1063
1679
9593
1438
2676
7056
6044
9093
3991
11648
6150
4984
4834
5819
7197
10355
781
6692
6943
6734
1970
6524
286
5865
4230
8813
11091
11182
7434
9086
8529
8092
3784
5138
11661
8221
2198
11495
1238
1208
7779
2529
607
9345
8734
7767
10292
4061
6834
11157
3120
10922
4776
4032
9763
8599
8825
1349
4804
4859
1727
10105
1845
10619
10142
8097
8591
2954
9459
9692
7728
6059
8721
2647
6064
5908
8484
9783
10123
1850
9028
1010
9710
10876
5306
6386
8843
8497
10565
10542
3534
6245
2039
1132
3491
2169
676
7741
8420
11441
402
1061
8335
713
3155
1031
9541
10289
1328
6217
3333
1457
400
4715
5574
3913
3886
10330
5194
2541
526
8173
1962
1613
9889
3879
6727
9275
9615
9847
3026
6903
6119
758
1051
3779
7286
3550
4768
5872
7398
5629
4842
11428
6005
1932
9369
2755
4408
9204
620
8337
958
3727
7125
3041
4546
11764
10681
557
7894
8057
1121
2528
9570
5481
7237
3894
7121
2365
8052
11935
3570
1038
9002
1742
1584
3466
1701
1574
5398
7117
5951
2826
348
6093
6910
2298
8765
2063
9742
5521
2538
5172
2863
9961
6585
9779
83
3205
2869
10176
4407
488
6594
5397
3075
10021
444
445
8706
8575
6746
7230
7224
9733
4136
1519
3861
8680
10704
3124
11526
451
4869
6555
3195
8110
3813
698
9052
11663
8558
11719
9152
8191
3850
5791
4694
10127
196
10859
7775
1467
1053
8597
8278
6511
680
6623
3732
8399
777
7599
517
7183
9641
10419
5556
2859
6363
3281
5457
10561
10026
2455
6316
6667
9836
10629
2810
9589
5740
10399
11112
1570
5399
9614
5370
5917
7893
6362
4289
8670
1696
4887
30
5199
2436
9651
8993
2668
4845
8745
11853
10023
9731
9906
1773
9534
8238
1893
6657
10587
11272
11539
5624
1085
10951
9709
10785
10556
8264
5604
199
9605
10511
6995
5007
4089
1359
7596
1446
10692
9648
4584
6593
10781
7474
492
2334
3531
5143
7761
1650
4076
2111
2603
1545
533
8040
9445
586
7654
10351
7676
4092
594
7044
7598
11551
3865
7525
10191
5800
4824
10175
2279
7006
8630
3964
10648
5850
1439
9631
5361
2470
7010
7698
2161
11028
3350
6342
6433
2355
6828
8796
7626
11981
3738
4291
8181
8908
6071
4657
4577
5449
11301
5224
5651
9363
7790
6295
747
11035
6766
2307
6453
10973
4865
9994
4783
8550
6973
11455
4946
10218
4517
4467
6339
2915
2040
9801
210
10886
6136
7499
10752
6355
9182
11750
1165
11789
1494
5100
11985
7269
7688
11744
1255
10427
4284
1113
1110
1447
5467
7386
11758
1333
10809
8764
4841
3060
5132
1469
9515
7852
51
5305
2394
5799
10379
75
7441
189
11605
9687
6860
6394
8265
8007
7476
2370
6271
7400
5220
1354
358
11532
6264
4279
779
10066
6601
2100
11522
224
3326
5821
9219
4179
8499
5620
4994
1724
827
9805
8386
9850
11721
1596
8643
71
382
11945
8742
11282
9354
4037
10891
7951
5276
10286
1855
1789
11092
700
2821
6022
4836
1029
11437
396
5293
5731
1529
4535
8536
5386
4065
5587
11878
11210
8640
5935
7231
3973
9142
3191
9039
7853
6949
11979
5216
11316
8705
10532
5379
10190
9599
8803
10134
9945
8804
7995
9015
9959
2326
5203
2060
6246
9857
6747
11590
7819
987
10827
738
146
4598
6687
2081
2951
2254
3337
4505
11986
875
10728
3412
4788
3448
10388
1671
465
2446
883
6738
4035
11980
10735
4632
3702
7802
7680
4732
456
4474
5977
1571
7435
4999
10505
42
8535
6547
242
3303
662
9254
2327
10527
6046
11270
3286
9853
8427
7170
572
2026
9719
7765
5895
1691
10196
550
4563
5571
3629
4096
11964
8036
2135
8493
310
6413
2935
10233
9067
10952
4059
4019
3443
7794
7590
6014
2101
1477
11556
4733
1853
10144
8509
6634
8395
8950
1145
1210
6054
4404
7221
9133
2556
8629
2801
8949
411
11977
1706
11613
9884
5742
5484
10875
2252
2367
2178
11482
2283
3883
1418
799
5297
10294
5098
5177
5401
3446
10647
11327
4790
3017
4928
230
6565
8762
9293
11473
3362
7358
9656
4329
3581
4699
9754
2182
5523
7609
9818
2944
125
5744
103
6537
3562
10368
6822
8504
10997
3770
6950
368
8342
5874
2242
4533
7235
10200
4310
1412
8192
5507
10326
6392
10620
9168
8911
7104
43
11468
3110
2886
8923
8520
859
7274
11855
1192
3229
8848
8301
670
1269
2093
10980
2815
5586
11236
1213
226
2905
1196
8017
4241
7753
9513
503
6359
3700
8448
8143
2612
10384
6625
1515
628
4206
1405
4705
7947
472
335
803
11653
7553
3079
6600
2906
4908
5051
4930
2754
10576
10811
7030
154
9864
641
569
9163
1194
10653
6883
8267
9792
10108
6050
850
6030
6391
388
8214
7156
9809
10055
932
1364
4871
1180
1834
6770
9735
3912
3949
10264
10679
4129
10495
11697
124
11391
1231
11561
7025
11098
4571
2485
6139
4727
3621
9376
8217
1723
5296
9255
10256
2994
1588
1426
1378
4325
8244
8839
4428
1579
1870
5375
9577
9842
7496
2174
2053
548
9794
10163
4568
6333
2475
2005
10380
11496
9094
9696
810
1323
4118
6694
6983
11656
2795
11126
1297
4451
11493
532
9057
3416
11780
2769
8329
6970
4500
7670
7627
7299
11796
5980
5010
8128
3274
192
3159
1945
10000
9411
1543
10087
11832
8609
10247
776
2295
10462
476
3583
1687
5174
3432
8886
2874
8449
3340
4049
7158
2017
5085
7009
6810
6668
1862
2683
714
2636
11262
11723
10009
4893
8975
7901
6808
2836
342
7623
3248
3162
3317
11330
7141
4038
3486
6944
10560
8259
8754
1285
4671
3459
807
4808
10736
6211
4352
4777
2627
10436
8309
5856
1209
438
4525
8123
9990
9359
7863
6259
7164
2172
4590
3506
4107
9307
8794
10709
10085
5418
10485
7323
8231
7217
209
10867
3076
7384
3604
11292
4581
3044
11795
5337
6283
4458
2427
6709
3897
2618
8875
1481
3380
8240
9021
7070
22
3269
4941
110
1626
7137
10986
8757
6893
1880
2472
760
7877
11325
2185
8133
5480
9233
315
1648
2293
4881
1913
5638
518
2194
10919
5335
9749
6418
7393
8560
11729
11675
1490
975
11630
3142
11187
2703
11175
11086
5964
6141
7180
3582
853
2339
2181
3710
10115
2620
3505
7755
3891
6617
4420
6078
3322
9852
10148
1569
1942
6826
11235
1563
7375
7193
4625
10271
3856
129
1346
3608
5116
9995
5265
2088
4936
7686
4303
2574
9225
10962
10177
1595
4077
2328
5468
9873
10671
1935
9946
360
1270
1627
6892
5485
8522
6107
2219
11105
8692
2665
2655
319
7917
8526
3896
3607
1702
3746
1463
3994
3077
113
4755
49
2158
2923
2692
2155
6653
11349
8429
29
11032
6795
2708
3867
11429
2626
7182
3694
10377
3377
2210
11387
2469
8072
11470
9178
7302
4785
6350
2112
10749
10792
4852
6106
9451
5163
10157
6773
482
1306
653
9401
4900
5854
252
9364
7960
2899
6751
11793
10290
11889
3635
7429
3585
4973
9665
4103
354
914
7815
9726
5124
5909
2868
3365
1090
4847
10230
11082
3021
9284
10636
4022
1130
7213
9834
11870
8182
8755
652
4981
1828
5654
8083
3447
8627
3313
1373
10893
11331
1007
11423
10820
3061
1245
3533
4897
630
7594
10515
4541
10604
1938
3759
8957
10586
3393
11609
8991
236
4601
11728
11174
6512
7968
6176
2822
3842
5890
11427
11598
4778
1230
4150
6953
7830
11781
11486
9677
5667
5058
971
4754
2224
11802
7355
8411
3699
4635
5910
11275
3526
4743
8436
4421
9371
1767
6504
1064
10469
8588
3334
3747
9201
11828
7557
6679
8840
3859
1872
10854
4929
3735
10944
3880
8172
10574
10521
1899
11954
564
10047
1774
10644
8328
9910
1505
6899
6033
8225
6991
9397
8127
8232
8195
3598
11448
9722
6994
873
5539
10184
3919
11817
9467
3872
3706
11596
9423
6159
3904
5136
8862
8610
9600
9008
2302
8834
493
5550
10258
2458
3795
4235
10307
3854
3266
3617
9671
5167
595
7152
3260
3645
4714
7218
7160
10235
204
8953
9485
3599
431
9351
4124
5990
6580
33
7065
2820
9047
11533
6319
10936
3331
5277
3736
7868
4468
8771
8419
8821
6790
1712
208
5755
2786
3692
6613
5420
212
8724
7646
4540
8391
11595
5596
6965
2398
10430
6745
6559
1676
8605
988
1621
4954
6923
3210
2103
7057
2256
5391
4575
4879
10535
3737
250
8440
2348
11059
513
6876
2102
7642
5655
1240
7621
4868
8831
4797
1371
2202
2306
8145
8496
2422
4314
4516
3348
8873
2322
8471
3163
8275
9612
6452
861
5757
1055
1205
5221
5218
2487
255
296
5756
2151
5074
9642
11901
7740
6088
9194
5416
1315
201
9377
2216
9700
5157
3174
50
3309
5060
5838
6417
2433
2346
485
2114
2109
3543
159
11308
8652
8459
10467
7977
6337
9780
10447
8718
9132
9478
7791
6728
10912
3445
6280
3993
11575
3215
1946
11114
9986
8932
8048
2933
4355
7983
9996
9402
5589
5912
9721
1307
7963
1620
2511
4948
8476
1428
5120
10226
9230
9266
7202
9004
8688
3845
11015
2164
9705
4392
6969
1558
2852
8257
1091
11626
2827
7931
7172
11276
4969
7950
6874
7660
5503
11969
7966
2611
10690
9962
4839
10277
7904
2817
11329
6241
11514
1933
1342
4569
4002
2034
4483
6151
3185
11570
6497
2965
5541
5939
6351
2907
867
9584
9105
11548
3055
3302
1572
10917
6573
9108
9510
8450
3643
3361
3193
11887
362
8846
6375
361
836
6257
953
11417
11506
9522
677
7095
8085
5453
4800
10817
7528
3772
9301
8845
11443
7475
3103
461
9112
1357
6214
7667
6142
8782
2154
8363
6358
3517
11225
8313
3222
7249
6817
2230
11119
6041
6684
5054
2044
8954
10836
1492
11586
1100
7345
11222
10632
4298
778
7851
8648
1817
6480
6572
1655
11593
4332
3168
3721
10794
2037
1185
6227
11131
10059
6619
7989
5394
6655
4503
10090
3834
11237
308
1421
9435
8033
1161
7134
10119
5442
3722
5936
10772
7468
10049
9179
5025
8340
3498
4344
816
11698
8502
7536
9886
6084
144
6783
8854
4020
5219
5783
4381
2753
965
6534
8442
5885
6887
10939
10871
6284
7085
4415
359
112
4615
10733
4220
3902
2235
11809
10694
8431
219
6895
11111
4867
11756
1351
4925
5290
5118
8500
11412
5575
9243
1897
5645
6219
5230
10270
10328
6589
2594
3442
5244
5855
10425
818
943
11239
1756
4987
5249
4141
9921
10703
8608
1741
1441
5995
3681
5811
11908
4593
6516
10578
4619
1343
6688
6945
7703
3950
10234
4782
9309
1656
7682
4286
7206
9406
4909
2250
11838
5538
1927
1171
5279
10550
40
4142
7763
4854
1367
11377
389
3338
10117
10924
9751
11612
4315
372
2061
10192
7381
8904
5834
1253
699
10395
452
10582
10740
993
10852
6929
10356
278
8487
10884
3637
7175
1549
7179
2883
2675
2718
3236
10828
5866
9846
10349
4700
605
7382
5847
1859
5924
5334
35
829
5594
11537
9824
7347
1877
1982
10730
2276
9221
7668
4628
8985
8864
10835
4195
3264
323
2377
4369
8276
904
10242
2534
3339
8964
11941
5134
6631
5812
6912
4664
2353
7211
3028
10652
3709
2779
3774
4534
2666
8613
9164
6818
7305
8756
8188
8981
6111
10403
8691
2413
1072
5642
7850
3468
5512
8368
205
8650
6039
1822
3513
3963
2787
6411
749
10267
5702
1917
4173
1562
11517
289
983
5045
4548
4856
5698
1021
6978
7804
11178
5015
2571
5149
6252
1939
11226
6182
6599
1719
9509
2211
3719
8868
8956
3404
7990
6286
6654
1953
10860
100
3646
7259
1461
11179
3660
9798
3789
1760
4373
10281
2500
11657
4896
10052
4161
3851
6844
7506
186
4354
6977
11268
3664
8810
7683
8119
2393
7687
1728
8690
2333
6962
1484
5165
1518
712
2572
8737
10227
3363
743
10057
4398
2555
5304
1926
8248
4848
8235
9070
11790
7060
4627
2434
3799
5112
6819
5330
4613
7136
9079
6397
5906
5099
2271
4187
4393
1506
6290
7251
5830
130
11317
3874
7203
5490
9777
8405
6104
4922
1905
10721
882
3036
2990
3039
4171
10046
1956
1422
3739
5247
11898
4812
10299
10925
1177
683
5754
9876
9258
4637
4821
6540
6520
6077
9003
1726
6161
5324
3693
8766
4926
8631
77
7035
9714
11507
2884
11284
1787
11124
6173
8245
6848
6980
6676
481
6230
8018
9659
3658
11552
10072
1967
89
1847
3020
8148
7241
11685
9508
6379
4630
8438
1174
5073
5409
2548
6685
10873
11012
8701
6163
3158
5084
5368
2704
7000
2803
2330
1252
6917
1363
5373
5875
8644
3182
3500
4164
9166
6248
10464
10900
172
903
6926
10282
10668
10537
11594
5049
8327
5458
2563
6324
6346
6959
4175
8874
7073
638
6674
7143
4650
138
11343
2727
11062
5111
5582
7788
6370
575
8585
5311
10972
6446
5627
5463
2400
1398
7029
3661
7658
4670
173
6658
580
1015
10344
10913
6477
6748
3032
2011
7014
268
3113
4975
5043
59
9412
11722
11559
4083
6956
5817
10813
302
10573
8948
11364
625
6587
2325
10146
4406
3918
4409
7762
2028
3246
415
678
2624
3768
10161
2085
1427
2263
3025
5009
3742
9283
2547
2927
10880
8381
1298
4239
10363
2632
256
7992
2891
1649
5501
7115
7780
3262
134
7656
9103
5860
1030
1129
5441
4560
8830
7848
3724
2996
79
406
1547
775
9960
9938
1876
10004
3305
10062
11725
10635
11461
4292
3444
1259
6486
7336
9782
9590
3839
10826
4311
11531
10027
327
2360
11161
9314
6591
2945
9083
3066
10137
3016
11929
3974
7892
3147
3485
10994
5914
1243
1754
4830
4097
645
10185
9290
1733
7293
3860
3740
1258
4770
10024
4787
7539
1911
4919
8024
5028
3713
6095
181
9173
9448
3595
9977
11927
8035
1824
1743
11291
7534
11164
10479
3458
2454
11669
3243
31
10476
3650
9005
8139
343
7390
9929
9279
9426
4506
7004
2936
4891
11647
6416
1169
3271
1183
9432
4382
6061
6035
4476
6224
385
1592
11389
4886
5208
184
11881
637
11515
9114
7608
2846
6492
6060
11025
10770
10442
10143
10961
711
3201
10638
5907
11677
341
10881
1631
3811
9431
9535
616
8906
6009
10357
3040
6073
6920
8151
11616
5019
1151
5956
162
647
5367
2684
9365
8338
3428
11312
11266
9315
1660
5697
1568
9765
9935
1813
6410
6614
1916
9324
5342
7602
11353
3503
295
11871
3601
80
4470
6427
2881
7226
893
3325
1998
4085
7176
5106
4431
10591
10562
7199
6400
10518
7759
10302
4722
6004
10387
8402
4068
4655
4514
864
11844
1890
6408
9291
3823
11152
11739
1875
3516
9992
11501
6065
265
4803
765
4185
4347
2946
5065
7089
4493
156
9338
741
5465
4997
2229
1319
11822
1489
7711
1764
5147
325
5567
9023
239
8929
5839
2969
3634
1479
8664
11931
6967
2331
5362
4766
4757
4652
2973
1672
10641
10064
1533
636
1360
723
2872
514
4610
877
11042
6850
6762
2193
10651
1552
7889
7898
6083
8004
1203
9380
11260
8752
8457
4363
8668
5833
5083
5181
4681
8375
5371
4624
4809
11681
5656
6208
6076
8113
3300
3056
7854
8867
9511
2789
6096
8043
3731
4917
6838
176
11749
10318
1717
7797
1295
9009
259
8236
11751
9974
11885
10777
10032
8729
6454
1541
11952
11285
5185
6047
4823
724
10861
11460
6165
9170
4365
5916
6388
7961
4263
654
4903
2249
4345
6440
10422
9215
8266
11913
4350
1103
7426
1990
5894
10210
9271
9087
258
6853
4082
7207
3390
3268
9150
9644
11953
1368
3171
7946
1256
879
4978
5497
5243
555
11611
3663
1299
6240
5546
6677
5552
974
11038
4645
6052
10611
1690
5517
317
6147
5743
6908
381
1384
5829
5317
11171
3233
11921
3192
3249
7236
11310
9335
11134
898
9148
4178
4165
9160
2162
4647
4154
9165
6543
3864
10186
1836
5253
631
11841
6170
8150
2277
3921
6815
6761
6948
8475
6435
7619
3284
9154
9333
970
246
5998
7346
6539
6183
9256
4611
394
3673
10097
1142
10943
9415
7110
2223
8494
8783
1969
1989
6588
10780
6633
7628
4676
5940
5600
1393
3112
5080
11649
8206
2129
3187
1075
7351
10787
10158
8178
11155
7261
3239
773
3353
6554
2273
9026
1326
9898
5281
7504
7462
3190
7314
2518
2024
9578
4045
6378
266
8389
9213
8524
7078
363
2519
10336
8708
11104
1638
1215
4672
9236
6223
10241
10194
5974
4792
1924
423
9472
5445
4779
10033
6012
5313
5652
1014
11940
4027
7591
11558
3670
5879
474
3059
7106
3944
9627
2527
4728
6915
1988
7064
7356
5750
10634
9554
9049
11992
6299
7036
8138
10089
217
8711
889
7846
8665
6148
2912
3216
3801
2361
4095
8428
3181
7015
3815
5384
6858
10319
3814
2187
8835
2819
10083
2702
9546
2222
5810
585
9769
10702
7622
280
11215
1332
3223
9892
1189
1362
1067
2171
5729
5436
5630
801
1293
1941
3527
11792
11819
2896
8134
5921
10450
180
7257
8676
9090
6976
545
1901
5081
1957
448
11403
10657
9210
1513
11366
1376
6196
7864
7219
5679
3765
7
5715
3830
7311
2565
5062
281
3397
1415
5327
11200
11585
7665
1377
10372
9973
824
5257
1195
1835
437
939
7189
9556
8714
9281
7272
7119
6556
1983
8842
11090
8163
5202
4746
4775
9925
8027
592
7809
8896
899
672
9036
3275
6604
8968
10742
2633
1708
3314
5732
9199
2512
11836
4389
9484
2876
3370
8563
5751
10547
9968
10065
11089
6845
3289
1868
7048
251
10927
4443
10453
8806
8315
7746
10508
7699
8971
506
6120
9107
11778
8086
5404
7585
8539
11999
11872
1455
3304
6308
11273
8055
1546
5077
688
1176
9587
11341
229
10182
8409
1089
944
3406
3691
3414
2971
7573
10350
8753
11247
3979
11077
8540
7142
5851
9957
11504
11943
8545
9965
7166
7907
5904
2698
10402
7718
1681
7357
337
142
5236
11866
7795
299
4057
8154
3419
1107
9205
7005
3482
2352
11679
4009
9341
960
10346
1229
11190
4204
3009
4744
4810
9598
10693
7455
9998
5599
9638
4074
1301
2486
4031
5428
835
11166
9681
2168
907
6538
10798
5089
307
6640
10815
2616
5350
5726
272
2814
3378
10250
1732
8841
10850
1934
2391
926
8425
9690
4673
5514
11982
1895
5459
8777
9272
3792
11156
9988
6664
4521
9264
6426
8919
4017
6575
8479
5248
1678
5878
4335
2919
9136
4156
8663
3046
9971
7047
107
10778
1891
4952
11925
5770
11603
704
4697
11397
5696
1861
4751
8108
3250
5887
8941
3154
7719
4608
2405
4906
9532
7313
2805
11794
2504
7588
3612
4490
3143
5358
137
11583
11599
7270
1041
7773
3887
3636
5047
4046
7167
2879
9227
4042
2342
5707
5226
10104
5322
9609
7696
3209
5603
6529
1057
9661
4582
7482
9391
9190
11388
1239
6126
4238
3161
3180
3034
1036
8544
2213
598
5808
7459
4348
5284
5780
8066
7546
2045
4343
5861
11592
10337
2688
10607
8019
8866
6981
6857
2843
4070
4799
10133
9076
6774
126
10329
1929
2989
11258
484
9453
8167
9304
2417
3204
9835
5708
9427
6090
8939
5135
9674
10592
6404
2378
11255
473
6870
4301
8634
973
3434
3372
3417
10188
4167
9594
2503
11858
2140
4228
5981
9704
8084
4958
5785
3272
10590
1249
6966
2642
11202
5338
1616
4826
9394
7952
5189
11347
9987
3492
8758
487
11386
8215
8326
9738
3497
8175
11637
5024
8788
9046
10701
7962
4201
9691
9695
5989
3955
9184
571
826
8105
9813
45
1658
2532
706
5352
5957
1689
11113
10714
10056
10025
7867
4937
9062
10862
9613
11395
10160
3820
2041
7332
3971
2051
10716
6053
4183
610
4510
11054
9308
5549
8377
9673
6656
6757
7641
2593
1232
10949
10212
10261
5450
9200
8159
8808
8945
4018
4281
7955
5456
7887
6884
7127
9829
3806
11761
5294
10779
7566
2300
8823
736
6100
9186
10369
6213
921
10457
4685
8889
3825
7445
11714
1325
7760
4262
8786
7492
4309
8892
11883
5034
5341
8112
6200
5635
5489
3807
10007
10195
7870
10470
8140
7842
9325
1166
870
9881
2837
5555
6301
11696
5602
10915
3015
2043
10563
7969
8614
409
4827
4267
5225
1442
10069
131
1202
6764
8353
2127
10448
3853
3908
10724
856
10497
10044
7442
6546
7511
1683
2713
9202
1227
11408
6532
165
3104
7571
5859
11438
11619
6827
11463
9497
9074
7132
6273
7354
10603
7890
6797
9321
3959
10998
2768
5056
8802
11896
2991
2914
7862
8661
3033
10847
6865
6194
5789
11708
660
5611
3603
3717
7734
4029
7816
6643
8285
455
11843
9899
5376
10689
8478
11229
9318
7051
11067
2262
10918
4464
2320
6069
691
21
11221
4232
3923
9437
7689
5197
1327
11404
2639
9042
11963
8099
6321
4633
7630
2386
8573
10830
10274
380
1737
6133
6749
8385
7171
2562
9458
3524
3800
3212
7500
2257
11232
9198
222
7155
11487
11930
4008
10203
10347
11544
6322
7624
6373
11617
2903
5858
8905
7049
8604
8717
685
5280
7304
6494
410
1078
11510
11924
6755
8671
912
5692
5122
3925
9939
10625
2237
10616
3644
7114
7348
3230
529
9400
9658
305
6309
843
9261
97
5607
160
3998
11286
4822
10358
4157
5530
7287
4139
2865
7820
11806
2018
1544
869
4073
2669
6569
2480
1128
1485
6068
5032
3906
3905
8913
10325
842
1002
11068
11361
7290
5835
5050
1080
7108
9976
11379
11740
3817
7629
1279
10904
6369
5223
1838
3352
7401
9084
11713
1590
11158
4013
11263
1419
11807
4366
1345
8979
10209
9727
3606
937
1842
6862
7418
10988
2489
7976
5309
2759
4719
4504
3043
2030
7927
2072
9332
11445
2167
4955
7843
10684
7938
9464
9439
10572
9098
7694
3712
3780
6307
10546
1046
10458
11600
9512
3427
9122
11107
1972
540
3368
7298
8578
3741
9447
11500
8176
2147
3433
11052
10229
459
7679
1659
10585
813
8858
4040
7282
213
8996
4155
10433
6697
9997
10791
9123
4686
10979
5150
4892
8557
9362
3080
4253
5761
6663
1043
4007
6231
9461
2268
5793
1157
3755
10821
1478
5628
5155
3989
2739
2920
9191
10268
695
10239
5092
6875
7050
9619
9337
6798
1059
10608
1646
2474
3086
1111
10863
6457
304
6482
7059
1606
10149
155
819
6564
4634
1352
233
11519
11274
10687
4663
2796
3108
6469
11818
5068
5312
5650
10818
6468
10831
2275
5471
4508
1436
1219
509
8020
7432
9319
3054
8882
60
4114
9045
11297
9662
1392
298
1487
1769
5868
1722
7754
2762
2200
9730
6582
9893
10745
5677
4080
11016
537
3623
2974
2083
2506
2967
7068
1654
6317
3098
4223
7453
9904
3456
1521
118
2953
6458
1385
10489
11727
11283
2347
8472
7200
6936
11321
3293
4087
1105
7088
4487
7018
10838
10473
7584
10878
6510
1663
11481
1034
7503
6501
7208
10978
1350
6574
11724
9344
3141
3808
11584
5738
6598
2477
6361
5776
10612
6429
8160
649
4982
3306
10841
5700
10304
2366
2591
8897
3956
731
10872
8576
5140
4376
9636
9357
10688
8432
3259
7902
1539
6680
7912
9350
4130
4138
1160
3364
11142
3499
6032
11676
4932
6157
1826
10823
3826
5493
5593
5970
10870
10492
7240
11078
10214
1751
5425
5682
1528
9310
7817
10584
10225
4882
1456
10314
7340
1413
8703
2721
8795
614
812
9623
5207
9361
7399
11039
3878
1006
4606
511
4992
8068
10459
612
11755
3488
1217
11477
5943
762
11597
9787
5822
11958
4614
8511
5601
9507
8506
10466
3677
9410
8146
11311
9912
3626
10216
5983
1661
5328
4513
9781
6414
10434
7053
5592
11413
1810
9316
6639
7537
6960
7873
7458
11568
7163
4552
2094
5123
6890
8951
2806
2387
5380
1567
366
2380
2892
9908
10174
2735
3975
10963
7478
4313
5578
929
6558
4960
1225
6080
964
1292
8203
3472
6415
7733
10698
841
8179
4605
8773
3514
521
7159
3462
5020
959
8767
6212
9858
6247
2278
3847
11565
6396
6315
10969
11218
4566
962
8304
19
3148
104
11204
8780
3655
2259
956
2473
3539
10682
5547
6121
5976
6889
2758
55
2700
4435
6235
8296
551
8166
5295
2941
1673
6382
604
6608
11892
2733
3752
1912
701
6229
6481
7371
10301
10897
1677
2260
7880
3225
1981
11933
1619
9875
9767
4968
920
6399
6045
751
5993
11660
5739
8891
9575
2467
2004
3639
3764
7801
11542
2199
568
579
1047
2592
11048
8460
1954
5039
10030
6897
6206
11390
9101
2363
1815
6438
9712
117
837
7796
10031
2775
9894
4731
7577
6646
11474
4484
9326
8838
5031
7559
2509
5036
2281
7899
8090
5178
9757
7223
1791
1943
4820
11163
9389
11769
6074
5344
2980
3131
9143
10664
8008
4638
8317
6010
4356
3343
8477
11434
7550
1964
10571
5289
6420
9069
10323
10417
8952
7451
11414
3355
4100
9604
7829
9747
5526
992
6055
7986
9068
9521
8314
2315
2124
1207
6859
10288
11788
6272
9888
2074
8011
5336
1594
9442
1286
11732
9676
1508
5581
1338
10737
3133
1686
3620
3287
11718
4923
9732
4791
1866
5319
520
4452
10601
2055
5723
9446
5690
9601
4481
7744
8216
3868
3083
1860
1647
10695
2332
6222
6115
5681
6281
6750
1211
220
10588
1695
4877
2438
5680
6985
2146
10478
6508
6521
11937
5483
7517
11882
1873
6545
5146
832
3149
3862
1909
11425
3674
2416
6018
4134
2305
8760
10219
6242
7993
1996
3092
710
1147
5806
4251
3766
6886
5730
4806
9460
6835
2145
5805
4531
470
8902
4137
3008
11549
422
11465
2788
1102
4591
5171
7477
10285
8789
8880
4320
2444
11606
5520
8972
609
11036
3703
4
1241
101
6758
11110
3632
3972
7878
7789
3618
5772
7497
9048
9206
6079
994
5938
2460
1780
5347
1170
7198
416
11735
10404
9558
7212
10599
11580
7937
6528
1137
2706
1086
7205
1491
8678
11907
7708
4033
7739
4658
1153
1557
7715
10446
1531
3952
2013
480
10931
4462
657
10960
3893
10131
8367
4488
10438
7461
10558
11421
2479
9654
5842
8583
5584
7692
5536
9104
990
1032
1283
9340
5464
4368
1958
11013
4835
9220
2068
6592
7674
2357
486
3877
9468
721
8041
1925
8926
1608
2798
3299
8246
3633
5545
1735
5331
2008
1048
10520
4106
9617
11976
1955
4609
7054
336
1114
11097
11003
6086
6020
7148
11868
4795
2932
8942
5466
10051
10734
9870
739
10293
11513
5245
10106
9799
8038
8030
9915
9181
3538
1997
2830
9844
458
3680
9789
195
6450
11037
6203
5108
5958
635
8781
158
10555
5400
223
1904
6737
3929
3782
8207
8308
11061
546
6443
10249
3788
5777
4004
306
2637
2139
9188
3730
7369
9287
11850
624
8577
10122
8793
5499
6040
11081
9734
4208
10775
3011
